1000 7000
6123
2262
827
2247
2434
1070
628
1255
2427
4844
2139
612
957
5985
729
3302
5525
2071
4479
1933
6218
656
6703
6569
6458
6868
5008
5100
3419
5422
1786
859
2458
1054
4766
4385
3021
6850
4253
3914
674
922
5585
5473
6407
3020
1157
5344
3851
372
62
1879
2434
2479
583
4043
5281
4622
88
4495
1773
6185
352
5582
807
97
2137
5840
4133
3520
6532
4011
6173
6076
2265
3708
1116
1027
2617
2663
5845
452
5161
4828
5629
4947
6272
2562
2624
3626
1766
1909
1174
1032
4490
2385
5444
2851
5330
4400
4279
5345
6986
6008
435
4580
3301
6308
2045
5919
5117
7061
1777
102
3645
3347
4213
285
1622
6851
3774
666
1040
3113
3695
2018
1407
3140
5241
1910
2514
2111
3309
4776
4432
2584
2166
1875
5397
4676
5602
597
961
4974
2597
6940
6821
4362
6385
1885
6682
1429
5871
4431
5073
6386
5978
4131
6630
2123
3680
3083
4609
1072
4251
5620
5146
4372
5426
2945
2764
5911
4128
3421
4653
5396
6941
6580
1921
4536
260
281
463
2525
860
590
327
3187
2398
2044
2511
3526
949
1550
1766
1000
2729
1192
4397
476
4772
6668
830
5965
4145
660
6478
4389
5415
3575
1745
2926
964
6079
2748
5284
1504
3810
2644
1899
4208
1550
6283
1053
6201
2391
6793
5671
6543
3945
5261
5954
855
1940
3323
86
3795
1409
5958
1067
835
233
3792
1207
113
2380
1499
3747
5290
5086
2626
3655
3663
4369
5011
1888
1902
290
983
2738
238
5872
3704
4586
711
1069
1129
2116
439
1985
4478
1147
1864
5611
862
5679
2264
5461
2726
5492
2697
6013
5077
1235
3806
1836
5902
2743
2240
3620
2385
2121
3737
4582
3844
7008
5621
3955
5525
1689
44
1802
6791
988
4215
3685
530
2649
6335
6551
4040
5466
1441
5158
6323
1039
339
5853
3203
3173
6819
3495
985
5170
4955
2753
6585
4129
746
6637
5087
1282
7036
6812
3003
1792
2026
1391
3796
6576
3011
561
5469
4185
2799
390
1710
4230
771
3529
3662
6474
5824
1401
2135
4015
689
2258
35
416
3327
4520
2469
5354
1735
6331
2020
4290
1014
340
6819
3508
2313
2400
765
6409
1005
94
1967
3864
2730
5884
4078
1053
1163
3100
770
3972
3772
69
1377
6358
6183
4466
3266
4155
4752
1331
2880
5197
5001
5815
4410
2783
6151
1171
5966
294
5722
656
1660
5083
2462
6034
6108
364
976
114
7096
5143
2323
132
1148
4307
1061
3178
6642
1912
1184
6109
3363
2545
4224
2040
2411
5304
3950
1329
4559
2212
2390
1230
6206
4488
5097
3050
4470
6540
1734
2675
3059
7077
5947
5722
1561
1287
3771
2842
4843
4186
1457
2043
3264
2787
905
218
3448
2003
5547
1726
891
3960
6645
6068
3874
6785
1194
6290
5301
4181
501
3463
7072
1014
1432
6471
6922
5482
3000
154
5775
7011
4562
6701
2350
1284
1107
3151
1560
2455
4868
4820
4372
6931
6919
236
3447
614
1857
6009
3705
5620
1873
7003
5643
6496
2505
2664
1616
4508
3193
5519
564
2004
5668
2746
88
57
1264
35
6991
1397
2177
6370
1250
1267
1110
5195
2675
37
4630
2543
5665
5675
5395
4052
356
3269
1972
2923
863
2238
5309
128
3886
4545
5491
3499
4253
6022
4880
5624
1780
3795
6799
1100
6255
3579
6624
1275
1091
2618
3771
1764
2042
2062
1853
4548
6932
6937
3730
2355
3861
623
3565
1298
3780
5641
159
6693
5805
2597
5511
1778
3598
2005
6127
4333
2428
4155
1210
993
408
6069
2285
5218
1134
3394
6834
1349
6381
4414
6856
5083
5492
4580
5234
1807
5526
3664
1238
6789
5244
1180
7017
1474
3586
4400
289
4415
3414
1132
442
3482
6686
5370
4452
2032
6224
3446
3777
6729
4401
4732
5668
5946
2709
256
2536
3286
6304
2354
743
1975
5242
2112
2988
1006
5352
1872
3097
2097
3937
946
2099
369
5885
5870
3016
5194
1997
6905
2377
5465
275
6436
5761
2374
2695
6057
3098
1698
29
3508
1816
2931
5041
5
549
4947
1845
11
2183
2002
3052
6359
3311
4735
5076
2656
3654
4417
6627
87
6479
1989
133
2254
6320
944
4403
4776
5381
2981
5253
1443
1481
784
3740
5047
3335
3196
3711
3361
6085
5868
762
6263
5279
3760
4441
4304
1523
5970
4950
1525
5052
5420
3592
6827
5511
4407
3164
5271
4301
4978
2555
524
3578
721
5346
2191
3352
6594
5517
1450
836
460
3521
2748
5573
5424
6542
1598
2174
3285
4101
751
417
2171
6370
1041
540
489
4174
6528
5700
2435
1493
6078
5069
591
4305
4405
2994
6218
3453
6286
598
4057
3106
4458
6403
1804
6068
1932
1646
6141
5737
5328
2768
1323
4674
5903
3687
2165
2252
6106
17
870
2840
2882
5418
6771
1205
1207
3354
5445
608
6446
701
1123
6964
417
3367
5127
2653
1577
3841
628
1322
4481
5165
3686
1364
2019
3327
4519
5979
3244
1613
3828
5190
6418
3546
2117
6055
1270
1400
4102
6921
1025
3434
6539
6439
6626
4369
411
1272
2334
4160
3170
4700
5481
2898
1031
6789
7027
4812
166
6810
3751
4687
1906
6242
2310
3663
879
743
5808
3125
5676
5412
6959
3027
3829
3566
845
623
6376
210
1555
3325
2744
1236
822
424
5489
5910
5722
2133
3552
6756
5369
4858
6143
5857
1134
1577
6001
2662
5030
2982
5013
5375
4244
794
5836
4146
1135
3316
3232
2111
5236
1672
4256
5227
1058
5884
2635
5280
2636
1059
6038
5245
6213
1222
5107
3789
2704
1172
3694
2318
4771
578
6184
5062
3597
760
3598
5496
4189
3962
4237
5495
297
2322
2705
5504
5531
6102
5745
3712
5415
1450
3748
1962
785
189
1834
6296
4729
4263
2377
2106
5200
4958
6625
5832
2324
7064
2181
171
3536
421
1236
5153
6723
1920
1712
5094
3261
135
5323
214
2854
2640
5895
1456
6153
6892
2856
6122
6153
2231
2401
68
2603
5160
4359
6774
5839
1833
1497
2759
2409
3395
4273
1418
3694
4458
5429
5858
4014
6226
5608
3710
1516
3508
2287
5327
4728
4171
1899
6851
5161
4928
3042
3817
40
6434
6987
1117
1276
2927
194
364
1
2100
4877
4112
6570
1367
5128
2017
150
6614
6054
1924
220
4306
3600
6187
2393
4331
861
6445
6066
356
4178
3650
5572
4357
6956
2796
3859
2770
1316
4241
788
2715
5023
2763
3681
3084
3053
3836
1237
629
5887
3044
1814
3178
5336
4697
3217
3279
4153
3849
6667
1324
2630
4221
3878
3299
1201
3811
5665
1247
5551
3831
4330
4700
5270
2503
1358
1400
2556
6297
6553
2748
3331
1062
5408
1544
3245
7075
148
329
633
274
1588
1582
4481
1200
626
1185
5464
4350
4247
4878
6238
653
3951
198
1771
4935
6863
4572
4
2137
652
6947
3720
6788
399
4162
3428
3085
2968
5591
4098
2252
1583
4721
3681
2294
4736
4418
6488
2094
4638
6471
362
1379
1383
3599
6360
4982
5993
3225
6866
3766
403
2512
972
2541
4851
6770
5817
2594
4142
6527
3261
5175
4923
5163
5008
366
5313
1988
1183
4587
1831
2046
1314
5582
1896
4796
4516
3706
6337
1914
2570
3062
4417
5826
3447
5107
6274
6794
3626
2912
3222
190
5797
6999
6061
6408
6219
5099
49
5239
2066
796
534
2430
3735
2361
4096
2300
297
1600
4239
2768
2734
3935
1041
1639
4780
2685
3558
1637
5875
501
4638
5922
6075
2426
6059
5572
3273
5464
4107
4235
1888
5428
1196
4040
6928
4237
5704
2639
6248
764
3209
5114
1375
6969
6522
6805
6180
96
988
2937
4899
4458
3062
1756
4346
160
3502
990
4418
4941
3981
3979
3917
5640
2015
4027
4551
4727
4005
231
6700
1744
5729
6866
99
2941
5556
904
5019
1873
4040
2914
2419
2083
6048
4555
6426
6446
1385
1595
3476
1726
5425
5620
4311
1811
2711
3004
4478
1593
5171
1627
918
2158
6820
594
3547
3611
107
623
6477
4229
2746
6374
1897
4307
1640
2866
3841
3274
1569
2579
4575
6209
5060
3629
4661
393
2985
2442
740
566
6967
1838
5443
4186
3593
6868
2444
3292
3197
1030
1483
2989
6532
600
2661
610
5865
5112
5453
6457
1017
5423
6080
3435
6355
6053
5006
1439
2747
3851
4040
6642
4524
5027
1407
2545
6568
2880
994
6089
6083
3810
3212
3310
2740
5113
2912
898
5494
4391
6957
4801
4008
4201
484
2526
1888
6845
5728
2107
4115
2624
3044
2958
4987
4386
4313
2631
3077
1931
3469
5217
3995
4682
169
2767
2113
2511
4498
1073
1981
1823
4758
424
619
2062
4479
2688
7072
2564
4121
1930
1001
4966
5544
2437
1346
6376
703
4939
530
6905
2570
6695
2359
3889
3345
4616
866
5979
5265
64
374
3291
4516
1172
3780
1085
5604
3592
3368
3752
6929
2774
5957
3990
3300
1816
4831
7056
189
5462
466
1014
5055
5110
3489
4263
2847
4437
1327
781
287
4437
7
3751
3074
599
2922
1014
2968
3329
3962
5490
2072
3458
715
197
2548
1340
993
5672
4068
4956
2777
4209
2353
3762
2158
3968
4401
6944
5948
1115
6165
6385
1159
1713
557
2326
4572
6860
39
5236
526
2329
3129
3264
2076
2421
6600
4936
6952
5836
4110
5788
4604
3581
6843
1080
4243
5212
3734
1975
6007
2256
1910
6086
6397
1300
43
3573
3750
2786
6320
5204
4045
4984
3315
106
1802
2157
202
867
2623
4269
4415
3459
1009
6226
4715
110
4543
3441
5333
6157
462
5468
6487
338
2385
1886
1913
1767
6822
5858
5297
2059
2230
2021
2217
4680
563
6458
6673
945
5716
2625
2453
1193
1621
1593
2903
5591
1874
6700
368
6946
2399
2093
1952
1370
273
3703
7078
2924
6439
882
2255
2609
3895
1402
5916
6703
1066
1617
4826
3438
6513
6882
276
5010
6463
3693
6792
1490
1738
7079
3201
737
4649
2004
344
631
6861
1023
678
3407
845
4805
2876
82
7016
2822
480
6799
2961
3804
3852
342
3817
125
3300
6374
4847
2804
6804
1320
6567
3627
4470
4355
3977
7055
5869
5347
4640
5522
1450
1858
762
5099
711
4026
4064
205
5327
487
6619
5005
6384
624
82
2277
6673
2112
4447
4133
2257
835
647
5738
4039
4422
5748
488
154
5863
4598
412
6382
5809
2550
6418
1924
992
3309
183
574
6522
4488
5912
1745
5551
5404
3839
4708
1903
5344
4363
5693
3493
703
2821
3130
790
1971
2015
266
1543
1414
2847
1041
4561
5744
928
2116
2185
2203
6851
5250
4734
2616
905
3550
7088
711
770
2096
2057
4252
5467
6392
5103
1780
6740
5330
2061
813
3988
4920
67
1420
314
63
642
3964
4308
419
593
5139
1199
1095
3419
1358
292
3908
2268
2100
2771
5588
3657
516
1908
6655
1540
2976
3730
5169
1571
1088
1638
6358
4283
2639
2387
4233
443
5995
1244
1165
897
382
403
118
2019
6258
4645
381
2241
6271
724
3266
4077
3881
5099
3061
5331
6572
386
6877
4856
4031
3776
3995
852
4996
1964
1935
6619
1855
6269
3136
1446
2673
5314
352
5275
5200
2195
3421
502
1625
6918
2370
4479
1441
5758
4998
135
4718
426
2314
2096
5530
2692
5652
350
1012
2174
770
5184
1621
5709
4783
6412
5314
6509
161
3654
4134
3506
2991
6780
2438
4745
5015
4885
4464
1918
5279
3472
3408
4539
374
6215
4351
2614
2157
1057
3760
2464
4163
4053
5048
780
4123
4221
5026
6315
139
5244
684
6926
852
4624
6715
6671
6977
1018
4687
323
2216
3448
5620
4893
1367
489
5022
242
517
4222
5606
655
3932
2388
1350
2770
406
4558
178
17
6777
5539
2126
1312
2025
3041
5517
383
5354
4224
3389
5395
2187
3747
3341
2732
1577
1492
1203
2563
2078
2693
2626
3880
3038
4295
6257
1599
4667
6144
4993
1428
2406
1585
2540
6027
936
4722
1153
3209
901
6372
6737
2883
2662
6491
6854
6434
6684
3147
3427
3839
3748
6829
6588
5790
4609
5918
1457
48
2345
1793
1637
6353
2112
809
4340
6224
4825
4442
5866
4720
2145
3316
1615
2077
5420
3994
4816
2959
4379
635
4716
6969
1001
1191
1920
1041
2742
5587
3598
63
2874
6540
565
412
5932
3217
6080
3483
2142
3434
6777
3397
2867
5946
4210
1703
3125
665
4194
2059
2639
1885
4773
4026
6849
2394
3844
1551
3471
1556
181
5040
5862
2348
3263
4138
2521
6677
6228
4346
3705
4234
3616
2479
3971
3307
3898
189
3187
1211
992
4171
5882
5337
448
1170
1606
5151
4693
4834
4922
5706
814
2581
4532
5283
2249
6263
2996
6863
1625
3511
448
208
5615
484
1612
5590
1181
615
3695
600
2439
5584
1
784
6374
2732
5100
1079
98
6713
537
2237
5050
5820
5143
6675
4158
5267
5549
6087
1907
4312
1025
2344
1794
4808
5513
3712
4813
3224
6630
4204
1263
5378
3064
380
6397
4183
1588
6385
2749
1601
5367
414
398
4236
5589
1243
4896
3007
4447
2597
3116
5464
211
3936
3999
4497
2253
1649
2303
6823
4441
15
1433
7035
4201
437
6151
1066
1325
6133
1138
5860
6054
3907
4703
1428
4167
2798
2076
119
796
2956
5677
3792
5857
3823
6540
1589
5520
866
3177
4847
3908
3636
3079
541
3654
1782
2235
6809
4521
6770
5264
4837
4874
3198
3813
4975
3025
4928
2120
296
882
691
5749
5825
3739
3016
4386
1640
1660
708
5934
4502
2077
5652
3389
3036
4910
3499
2852
1318
2569
5243
1833
1074
1664
5262
4608
3868
6279
252
745
2143
2093
6421
2555
5680
2265
3095
6039
6022
3476
568
2267
5087
6563
5969
6372
1870
1507
5543
522
2027
2340
2486
3508
388
5921
1127
4614
4512
5717
1443
717
7004
1910
1661
387
203
866
6383
5588
5992
6427
3839
4354
6485
840
234
6011
5907
1109
6030
3377
1851
2569
4475
559
6834
976
6201
5988
4612
3763
138
2986
166
1574
891
5283
5897
2767
3699
6233
6936
3379
2329
2943
5234
3593
3519
6675
6322
1669
297
4328
1187
403
3771
6567
5241
2241
2989
2874
4324
2722
5718
6691
4830
4429
1816
2185
6628
1119
6470
2987
4700
1147
5055
5287
6568
2056
4800
2716
3066
4854
3044
1701
6205
6826
5423
6519
2317
3637
6266
6042
4989
2910
664
3843
2978
1844
1286
4860
2489
2417
2542
2648
6276
3307
4918
3874
2740
721
1292
2441
4700
2854
1249
359
513
7068
4963
6066
5632
3891
2245
5397
2542
2538
4176
4177
7087
3498
5902
1114
3656
1992
6043
2956
2581
1880
3945
3724
2807
818
6164
4152
1622
2459
1155
390
3788
876
3657
4465
4387
6209
3097
5265
3987
6494
2693
4993
5841
5556
1791
6259
4715
3870
2542
1914
6901
6294
4810
1757
311
2874
1240
2369
4944
1217
6032
1774
4396
1967
4250
4790
1635
5528
3871
4650
3057
1383
2862
5356
3905
3206
4254
4778
3357
6918
2458
1788
2814
3125
4130
3445
6609
3950
5054
2924
1972
861
2823
3727
274
3759
1370
4621
5699
5936
5070
574
245
3346
1095
780
6677
4979
2698
249
6655
6956
3974
687
385
2801
1732
5733
806
3746
705
4327
5732
1219
249
5813
6093
3670
2115
2706
2057
4376
1511
279
3308
1162
4599
984
6822
6244
6734
3144
3615
645
300
109
1840
2896
4604
3040
2134
5387
361
2215
6898
2990
4804
3737
5400
798
5819
302
5094
4517
1353
6822
1154
516
4484
6825
969
7072
1757
6218
3400
5352
2922
72
4509
2887
4210
2123
2135
3779
5062
2668
5576
5205
5619
1113
3923
2467
6883
4283
5143
4002
4313
6429
3388
6144
337
3208
1090
3481
5689
4254
4327
2697
2733
3108
5556
6490
5287
3234
5091
4143
1784
1807
2269
4450
3696
1702
6565
4163
6484
3637
2493
4777
2944
231
3552
5756
5277
3460
5054
1755
6818
1397
150
4555
3920
5844
1364
4478
6716
4335
6353
6825
4875
2658
4820
2976
328
3431
3264
6730
4769
4519
569
3884
6990
2274
931
5430
3090
3195
4458
6132
2789
6054
2298
158
2848
6551
2916
1861
5467
3
833
982
6981
5403
1628
4380
1482
1286
6326
6950
1904
3196
896
242
5625
3803
2824
2886
6529
6940
1326
1180
5883
6277
11
4350
4202
272
3240
4247
2317
3395
364
2630
2734
6494
535
3957
2669
6171
4347
4095
923
3357
6933
3187
2456
3228
216
5127
3795
6847
5285
6929
375
3713
335
1136
3410
4113
3426
5987
2248
6101
3154
2190
16
6651
5595
2133
3980
1658
3092
1150
5226
6802
1281
207
2606
2351
1993
5266
6189
5770
4126
904
1050
6734
5994
2588
6347
6234
4929
1378
2416
3666
503
6091
4606
6429
2715
5470
5598
1898
4260
723
3677
5909
2764
4532
1576
4379
7061
3717
5247
6626
25
5199
7012
4044
2150
3039
1103
1789
3637
4752
3196
1582
6590
2052
6597
3563
3866
1047
5091
4813
224
2715
56
6264
4596
5112
4271
6612
6621
2770
2641
3526
4946
4962
6958
3952
1712
6049
2530
2252
7020
1341
6803
1769
4850
4242
4085
6289
779
3610
3574
3866
6037
3779
1697
1381
6607
3568
3214
2000
2425
2932
6357
3078
2326
3528
430
4430
152
3444
6273
3921
3350
6406
3490
5015
2612
815
236
5837
5605
5111
6545
1595
929
5640
2801
5988
6660
3211
1126
3777
5506
1056
254
4875
2820
1239
6639
441
3070
5826
1364
796
3697
5462
2108
1007
2318
2616
2132
402
1062
4109
5206
3636
6460
3905
5020
5890
929
6945
6881
876
1192
4425
590
5048
2433
4437
4071
142
5846
3870
5888
6322
504
2748
5663
2717
2920
1368
85
6682
5942
1449
2146
314
3163
7030
4320
1907
160
2742
4845
309
1078
4038
729
1599
6322
736
6760
262
3470
2385
5047
5922
6031
500
2832
4485
3048
624
5529
2211
414
4817
3306
6802
5153
286
913
5888
5107
587
4078
327
4484
6442
2816
1509
4677
7055
342
5859
2132
6452
4569
3594
280
1286
3855
5763
5948
5908
5489
4337
2174
6676
4619
5673
1619
3771
3870
3000
5042
205
4119
862
4292
3462
1542
1218
68
5848
575
2148
4205
2244
716
6386
1385
5013
110
1136
4911
2420
4021
1904
2398
6566
1727
4808
6581
4425
2007
987
6434
3160
5145
1527
1646
492
5158
4382
1078
3789
51
6200
2093
3509
1748
3552
2893
621
3554
519
5955
5517
1531
2291
2854
6785
1462
4791
3932
3401
448
3112
6616
5428
5701
1410
1134
3969
1496
5907
3503
7038
1864
6826
2255
443
1483
4268
5103
2134
2748
1433
2604
6478
4264
2133
5087
2748
6716
3575
747
1318
2155
4172
4712
5947
2210
628
648
3520
3836
6154
1736
5394
5365
5631
1305
2619
4309
6144
5592
1309
5847
5652
2123
5230
78
2412
1396
3511
3084
2920
4271
6587
5444
2481
150
2742
4453
3664
4309
5577
6266
5623
1910
803
789
3040
6485
5613
2290
992
5711
138
176
2124
3843
2263
6974
4032
3060
4381
4064
2416
685
2919
3271
6534
45
5020
3132
3178
1681
4881
4714
1408
1334
2151
1152
301
1122
1989
3737
3677
4657
2540
5866
1366
553
6508
2729
5161
6466
3899
5760
2368
6637
3793
5588
853
7059
4451
3094
1094
5543
347
5546
6726
5194
543
4933
3267
4143
1157
6755
4648
2416
720
3487
643
2965
2401
5371
348
3595
1287
141
1367
1862
2217
6683
5885
1940
5011
1549
3051
6254
5610
451
1233
2432
3132
3125
6651
3581
1326
2968
2333
4491
5906
5432
611
2064
3910
6362
2719
1384
2786
4275
2725
5561
351
3991
4808
5918
4907
3544
451
5978
4553
6992
3796
193
4844
2255
1350
5451
5808
4315
1818
7095
2763
1294
2439
4221
3852
4928
4049
274
1359
6153
1399
5471
5407
4476
6980
2906
1581
3727
3958
4992
894
4440
5057
3261
4474
6594
4849
6295
5614
629
1095
5424
4974
4406
6710
4190
3066
1583
506
2916
768
4569
1078
2299
6033
4396
6685
5444
5578
5375
692
3968
5660
6275
1162
2359
1244
2128
1108
3011
6414
4175
392
3702
6109
769
6993
2476
5882
516
5963
3372
5934
1089
4649
6232
161
6337
443
1747
6498
5705
5479
930
5139
6665
866
6825
255
6211
2902
4451
482
3688
6168
5705
3257
6235
6486
3176
3146
6664
3204
6473
868
887
6441
6829
3331
2526
6097
3900
4622
4256
298
4179
1593
6824
6018
970
5500
5392
2365
2195
4302
5356
1394
7056
1137
4791
944
6501
6735
3251
3385
6361
6468
1162
437
1484
2000
2510
5582
5557
1706
5943
3278
4409
6055
540
920
1598
460
1517
1381
7004
5670
4606
2801
3500
3786
2196
5973
3071
636
2104
782
2309
5213
2622
4469
4353
915
5826
3056
5290
659
4598
4596
5381
4505
4076
251
3716
1468
2800
1171
1843
4850
2242
6303
945
924
3299
907
5477
305
3445
307
2102
2505
1457
986
284
1266
4832
6719
3326
6991
3767
3528
6681
3913
2657
6481
6111
6356
2484
743
3180
716
1075
5207
5988
5784
5344
2247
3533
204
62
4209
5914
4607
4367
287
6985
1914
3518
5297
58
3640
3803
4686
2452
1958
5218
4553
3202
1670
1861
4222
3363
7065
4321
3076
4014
2430
132
3996
6486
1206
4545
537
6141
5447
2784
6147
4105
2394
2590
3107
3425
5665
4916
1832
3197
1127
1537
936
7065
65
6673
1554
7067
6812
1571
7088
2962
1337
6364
4944
1819
4279
212
3087
3219
3598
5657
4505
6055
588
538
96
2579
3126
4911
6056
2566
3285
6338
557
242
1369
3993
684
5623
249
6241
1863
775
4458
4374
2250
1011
5946
290
822
1912
6831
3018
3625
1733
6383
3561
2051
112
5128
5792
4744
2706
6020
5773
6811
3914
5130
4770
4709
2816
5387
2499
3155
4321
461
411
983
1885
2618
2390
1364
2282
2951
2319
5044
2503
296
1789
4193
3465
451
848
408
5896
768
5072
2044
5856
3635
2964
5010
6955
3272
454
6838
391
4335
413
4149
2427
3800
1547
5268
6624
3397
2648
4689
6761
373
4061
4934
3922
5143
6105
1595
854
1101
6978
803
3768
5096
339
4555
3433
5772
839
3550
6567
6482
6856
4485
2181
4478
5036
3362
6891
3423
6217
2860
1774
3070
3489
119
7055
5399
1267
1378
513
1807
6147
5475
671
1827
4644
373
44
4445
4055
2219
3178
1678
3173
6437
5410
1878
6366
4266
2272
859
3226
1806
2789
4006
1594
336
1072
1609
217
209
3480
3630
6631
6292
2090
4075
1165
3312
3083
6376
6794
5666
1908
5604
3844
202
4750
6892
3646
6893
4364
2433
1102
5059
1621
6286
5813
308
5014
4477
2602
2160
6972
4294
5632
4411
809
4653
4147
2771
2327
794
442
2183
2605
2167
6872
1450
2122
498
5525
3110
1517
3482
5811
4357
2218
2209
394
6854
5150
4530
3993
5828
215
5497
329
1272
5991
2119
3504
4197
380
5557
6739
1476
1547
6178
4826
529
3025
5534
3414
3488
3040
4932
4952
3826
1196
6438
4244
4728
6729
183
713
4126
2225
385
3584
3931
3092
4451
5583
4466
1196
1825
1650
1397
1487
20
4763
5727
5511
4062
2273
920
7097
3650
2317
3358
5650
5759
2777
2331
2318
6291
3547
36
1971
5392
4623
3765
730
6091
4729
4542
386
5391
4263
6143
2182
6978
219
3133
5123
5598
3483
7012
5875
5878
4529
5042
3048
2907
2216
1099
5807
578
3528
2848
6801
1568
2491
6657
1239
2259
6300
2596
5686
4903
4208
3633
6881
3060
1783
3443
1615
3524
3682
5062
6717
6937
2360
86
3884
5361
486
2168
3001
6726
3389
4873
349
5471
5776
1049
1403
5045
1778
3119
2411
1249
4419
1455
2206
974
5541
5373
345
4266
2490
4192
5346
1108
3516
107
924
1733
2466
612
3371
1761
1098
2522
1616
6940
5724
5877
2055
4481
2435
6496
5878
6122
1783
695
3688
994
5897
3423
1247
1460
4892
2975
3449
384
3305
6297
1210
3811
1536
2754
1295
2693
3567
4969
5127
938
807
6675
5252
2384
3795
362
2007
6863
5069
7035
3699
397
3069
4524
3770
1578
4113
4531
6743
5304
6770
1665
3057
5190
5476
2658
2959
5842
6635
1987
962
6975
1784
7063
6135
5368
1556
2428
3294
4073
4921
1036
6343
4674
5253
3867
6500
1644
1755
4988
3522
5960
2912
1851
3208
5576
264
2986
5352
6041
5223
4554
3661
5107
3031
3895
752
5443
2187
5687
64
1304
2435
2474
229
5018
4177
5094
1454
4210
1318
5038
1765
6073
4568
1221
5775
1357
824
2143
5417
3408
5269
2047
4808
1500
5342
6797
2761
4981
6913
3493
5792
3622
4003
1583
4017
182
2117
6773
5644
5720
3488
1945
4130
6251
4885
5930
4548
6362
4172
4486
3888
4790
1933
6389
5482
3481
5015
2675
5111
859
4561
2215
4808
3748
3741
5642
144
5916
5190
4847
2127
841
3207
4647
6019
3216
6551
4866
2587
3385
1125
3915
3799
5698
2184
5696
795
3459
5996
91
294
5871
1687
162
1167
5475
3185
2160
5212
2288
4230
3956
3519
2770
2714
923
2520
5014
3116
6264
5181
3987
3980
4731
3670
2395
6554
4880
1692
120
5420
4425
2370
936
4777
3793
5400
6253
4363
1920
173
3454
26
2131
3689
1424
5062
4436
4217
5394
4674
5099
387
3575
4984
1682
6663
5777
6873
4137
1734
96
2208
1906
6873
2646
4228
3090
1743
2859
4647
5707
4260
1435
1948
5671
2233
1490
2311
4157
5090
2562
1434
1952
5239
2153
466
4368
3121
221
7075
507
2458
115
350
2217
2192
4825
2693
5517
2330
5928
474
1212
1622
3944
7041
3191
2307
5463
995
754
1873
5511
53
2348
144
5548
2543
6635
4569
3605
3182
5405
5001
6416
6856
4779
4016
7040
2612
745
3774
6582
7042
4301
4614
3002
2195
5338
3159
5557
6760
2163
993
6628
4950
3679
7033
17
2915
338
1410
1315
561
40
3514
6256
3095
2308
6369
2294
2611
5255
2314
1605
1692
2675
5271
2124
3587
1097
1511
5782
3692
6736
5994
5774
1405
5189
6008
6715
2320
5073
474
2710
4556
6188
1637
5068
3085
344
5410
1995
2781
2223
3639
6216
3942
684
6653
2679
5604
1058
1835
3207
6393
2357
6723
641
4308
5545
2848
3061
6271
299
455
7077
5798
2565
2357
1513
7084
3061
3711
5897
4625
3865
6091
4710
1126
2038
6269
6229
2543
4364
7092
6494
263
2835
5791
177
2208
2175
5999
2052
1267
1220
4626
6858
2787
6251
6740
6903
6641
849
2112
2222
5692
1974
6939
2265
3581
1376
2573
4440
4969
2938
4156
6502
4233
878
4220
4296
2524
6584
5339
5571
3777
1549
6915
6837
4947
6806
240
2496
5627
2269
447
5047
3069
5419
3325
439
2225
6021
3234
6264
1074
1675
701
5478
388
932
3058
6659
436
4650
2409
2068
4505
3248
1070
2529
1962
1554
4669
5060
435
3884
46
1179
5765
1326
2094
2831
6005
2705
6785
3011
4986
4916
7074
5405
251
4108
6765
6327
6342
3885
6930
1502
6723
5442
5790
2918
5881
4242
4170
6433
4563
4472
917
5290
6260
3228
2991
1224
3022
4165
247
6173
374
4698
5739
5247
6359
1968
7083
6991
4110
4377
6693
1080
2483
2204
6436
5286
2706
5777
734
30
3972
6799
697
3242
3530
1599
4939
6095
1523
5224
1116
1847
6507
6275
595
7049
4002
499
4174
3779
3376
7012
3113
2450
300
3419
5016
212
5142
636
512
2046
6508
6985
2478
3674
6550
1357
6983
811
1682
4541
1748
6312
4111
5716
4164
2524
4437
3258
1138
236
1347
2157
5972
2284
4915
624
942
6744
635
844
1895
3426
815
6929
3112
6175
4070
4337
3923
4086
4643
6834
696
2699
4980
4775
5270
4011
4682
3389
300
5777
3156
2732
1535
5927
5933
5620
1964
2854
578
2047
6672
1712
2203
119
4590
6723
68
653
5005
6426
2049
5585
338
121
2678
6242
2377
6208
5887
5819
1277
6524
1405
950
529
227
3732
5661
1383
6751
6095
1038
4561
6262
916
1811
5893
4905
1273
4421
4704
647
2832
3009
6267
2289
3102
3965
3204
6482
5070
1528
822
1803
77
4930
2709
6233
1645
5614
6732
3792
3998
866
2111
2647
4454
2893
3722
5808
6470
6064
4968
7053
4994
3412
71
6296
35
3045
4826
5651
2837
391
1534
6928
4727
6097
5799
5878
7027
904
6338
2949
18
3527
3686
4021
3577
3610
2098
2390
4675
4496
3747
1015
4652
1212
6172
3182
2160
6311
3940
3443
5772
1898
1052
961
245
5137
2000
5326
5688
1917
1552
2760
4114
4422
1324
4868
3988
6472
2443
2219
3485
5564
6590
5599
6861
6239
4254
1564
5059
2569
1805
2829
2212
3152
4319
4033
1394
4247
4677
703
2004
3399
5260
1653
3359
2790
1864
425
2987
3841
2532
6294
2409
991
4520
1389
2714
6918
6754
3355
483
6317
3864
1931
3675
1534
2124
258
5725
1147
5825
2394
4002
5312
6672
2945
492
6817
6151
772
3396
2779
4321
3836
3463
5869
3388
1372
5012
6211
3241
2547
1592
6954
6939
1910
2892
6249
1115
4405
5066
6172
6305
4329
3123
7075
1775
319
4553
5029
4226
4109
872
1988
2250
4357
2253
5642
5291
6902
519
2546
5955
7072
6084
4944
2399
2416
4587
1948
5893
2565
5886
4341
5254
4727
5454
3577
4268
568
1993
3342
670
202
1378
6013
1721
503
2119
4262
5979
948
3376
917
4833
5641
3684
67
2397
5930
1253
6416
2876
1069
1735
4393
5475
227
845
4263
1477
5520
553
2
6241
3995
4943
5727
3850
3668
1671
3114
1126
6994
3810
4463
2407
255
6714
2736
4000
2569
388
2251
2736
6199
4252
4409
6400
3090
4788
4300
4330
2845
3925
4896
2885
5821
5391
3185
6198
3296
5382
3019
1478
647
3797
715
772
4988
4343
4507
4775
6366
3816
5196
6520
5673
4963
1799
5923
3375
2684
115
6827
1216
2382
3835
2808
1461
6043
2753
5271
6037
469
920
83
483
4817
6421
4534
3954
3801
39
5957
1037
2976
6470
1940
1591
2740
5071
4020
3893
2373
6705
4066
3369
688
2714
2838
2691
1700
4023
800
5701
6542
2524
5187
4502
4477
554
4237
3340
2380
3746
3200
1103
4392
2060
4033
2571
4639
4772
1028
134
3250
5731
4953
2222
5178
2450
4455
7010
4992
3590
1791
4666
6333
1245
3912
6435
2005
1075
4151
22
3800
4323
387
1212
113
2481
5308
3453
118
3002
4812
4566
2647
1875
4092
75
5521
4086
96
4631
3516
5708
5957
1580
5996
1494
5802
6734
5526
1496
2149
1642
858
6237
3927
5309
3831
1733
5758
2281
920
2107
4204
1718
3996
2881
5138
1185
845
1485
3835
1451
3934
6325
2220
2121
4883
1169
2952
4040
5615
1498
6852
5882
2443
2006
4628
806
3572
4814
2051
4856
4643
2247
1011
4427
5465
1369
3335
6114
6349
4179
5746
1201
6853
189
3387
3146
2597
4302
2905
2620
311
3836
6854
2793
5536
3041
3933
5506
1367
217
6896
2670
2677
735
1205
5368
4567
1021
5324
756
4889
5215
6125
3561
4785
3925
2504
7004
715
7088
6526
282
621
5912
5616
207
4479
1273
6444
2720
4987
5193
6285
2304
4114
251
784
1357
4548
1947
1028
3928
6829
459
1803
4065
3168
2802
1985
2134
6294
6996
1857
6465
2294
227
1337
1227
2020
3548
15
5943
168
6305
3705
6916
4645
4640
1813
5223
1246
2021
1209
3157
5180
2578
2622
2863
580
5756
1914
2226
1648
6536
2337
5307
1967
5005
4100
4783
830
3900
1517
4618
2694
1144
2231
6595
6914
2275
1830
2668
128
7093
5804
5815
3500
11
7093
1072
6209
2801
4324
1972
1091
4625
1604
5679
890
4298
5100
878
3904
201
4986
3966
5776
6316
2591
5987
69
893
6341
3189
6698
384
2438
6857
2986
2890
1135
5995
2318
2310
5048
5576
2974
3906
1068
705
3321
3455
4433
3088
2527
5476
2542
2697
183
3324
3006
4006
4962
320
477
482
4491
5936
2199
909
5524
5563
1163
2619
765
6171
1551
256
282
5656
3764
46
2505
1179
5175
4757
1523
4213
7076
893
3264
6902
809
3708
451
2457
530
5616
5822
4766
6206
3245
4328
573
6689
4984
1913
924
2527
2498
106
6469
2876
69
3918
5948
2121
858
3668
2724
5728
2562
4541
242
2928
2655
555
1749
774
3893
4933
1869
2341
1542
4739
1513
4366
2829
5009
358
3783
6715
2303
3801
434
5488
591
4521
712
4522
2995
3197
324
5779
5374
6880
2659
6335
5595
5824
141
5766
3896
2706
6354
1696
4220
3772
2221
2316
6136
4701
1389
6655
1217
3305
6491
3077
7007
3207
2232
1462
1156
821
6995
1692
3604
1077
805
778
4814
1111
2293
149
4800
5673
5354
4426
2503
3837
1766
4621
5047
4179
6605
4395
3381
6632
4575
1055
2483
7020
4978
5547
4272
3978
776
3700
1269
4552
186
5027
2058
5428
3255
1787
3718
3436
2462
4948
6424
6182
273
509
6664
5637
5788
6910
4395
1014
4112
6358
4102
606
107
2575
251
6522
3967
319
6997
407
1936
4699
641
1656
2127
1015
636
242
6450
1521
1039
3525
1933
2179
3064
4158
168
3118
3078
311
2323
3677
6554
1937
4756
2299
1784
4422
5882
2111
4676
5022
3567
916
4190
971
6471
482
4064
2612
1849
5774
592
1467
2388
5883
6928
6136
4795
6591
3188
2646
4703
169
1823
4196
4643
7046
5914
7085
5069
5195
1990
6822
5907
4204
5052
1365
3979
3953
1929
4699
6029
5103
1886
2296
3437
6028
1574
4438
6680
659
2735
6605
4671
950
663
4619
4937
3404
5086
756
3598
6227
2638
6225
521
1782
2889
4740
6902
6885
5226
3832
268
4949
3308
4780
1114
3938
6357
5035
2787
5965
6347
820
493
559
6145
6727
4803
5377
7058
5987
3131
4965
1632
557
1492
4709
3735
268
5968
2986
1163
3623
4574
1843
4343
5719
3949
4206
1860
5708
4314
721
3927
5014
6878
4599
3189
3024
2124
7026
6906
1988
2772
1494
3655
6246
896
4522
6641
6336
4169
6732
363
4660
5206
829
6848
3289
3295
5714
5930
4929
148
6012
778
6343
4466
3451
6649
2071
7099
785
3389
1848
5775
2341
611
4699
4138
2635
6288
665
2621
6677
658
4067
4649
6269
3918
2141
2236
1531
2427
5421
192
2503
6903
3987
4661
4559
4696
540
819
4635
2893
1732
6750
7055
636
3538
3170
6024
4474
1292
2402
5728
2344
3945
2380
216
6014
6095
3668
1878
6614
5286
2367
5093
6784
5837
2668
2605
3362
6738
2104
5879
3856
2854
1920
3669
2093
225
1178
3379
2076
249
1068
6395
3920
284
5795
653
4973
5499
156
2079
4548
5118
3990
4471
1934
5647
3288
1137
1866
2009
1231
6074
4259
6826
1172
1430
4841
4250
3548
6936
6995
5492
5135
4924
6699
2047
330
833
3689
1859
1064
1981
723
2677
732
2725
5518
4559
5894
495
5208
3306
1933
3837
3800
5679
6372
1408
1973
4310
3513
3785
1267
6528
1745
1393
6991
2341
6528
2665
4971
5853
4658
5850
3609
3551
1535
1037
3262
6013
5382
1690
3050
6847
1265
741
734
2061
5663
4381
1734
1145
5058
1244
2248
5698
3102
4489
4267
1052
4018
2197
2178
1617
398
2742
5852
5188
2728
3351
1323
5320
1993
4978
56
4536
6753
1868
4697
2807
5027
6294
1517
6660
5019
3019
4885
1549
386
2570
3992
853
6333
5259
24
5100
1379
5446
1756
4002
6496
520
4945
2321
5814
3095
5418
2168
5620
3953
1603
92
4837
2590
6224
2223
5347
1335
3851
2370
4636
379
937
5001
2630
2291
1660
3507
475
6011
6534
4254
5637
5914
5983
1611
458
4670
2861
3899
6776
6589
5507
4048
6566
1419
5814
5227
5842
6336
3259
6014
4220
756
6867
2694
567
1738
4637
3000
6335
4037
6343
309
5588
525
607
346
802
2621
504
5602
6492
3921
5760
6167
7089
3124
4316
2543
5779
6274
6851
2786
2165
2309
1899
5910
7064
1331
5733
90
3077
1249
2383
3268
5630
526
1672
6220
6026
1113
4419
4193
5550
6500
1122
1270
1848
2797
922
6432
190
456
2864
1410
5573
5971
1238
2824
3746
3727
462
4493
4028
4938
7079
5480
3165
5916
3178
424
4103
1702
1050
1625
6860
1024
157
4153
3994
1713
1254
5746
6332
5579
366
7067
2608
2028
2990
5291
2236
5543
5659
6969
770
4790
6538
3615
6866
642
3292
1763
6477
5449
5308
3569
664
4148
2107
4114
1412
6339
2009
4090
6732
7033
3470
1221
5157
1511
1645
5811
1853
2347
5735
5728
6233
1176
2875
2226
1914
4183
750
4773
6416
2608
3954
5667
1195
4473
838
6447
704
719
5771
2974
497
4286
1530
1298
972
5487
3341
171
5866
2535
114
6216
190
6823
1517
4883
2189
4230
133
4794
3030
6692
138
2853
7038
5705
4755
4717
1970
5826
2108
927
6702
1232
3693
1461
6974
4503
297
4751
4028
383
2731
1379
4300
565
287
7074
4858
4717
4716
3520
5775
5115
2924
452
5845
594
1702
4506
3743
5806
136
1493
5666
5425
4247
347
3650
1116
3824
4618
6586
566
730
3391
2749
3557
1555
5094
3524
4648
4005
2136
5232
3901
4392
5761
2130
3440
3729
6336
2610
3778
6060
1704
2684
690
6534
2185
6107
5791
1014
2789
1967
1859
107
6169
6650
1079
4868
6693
3151
7081
5623
3313
2449
3180
1112
101
4242
6288
1341
4566
1706
1320
2498
3618
1243
6692
6034
5488
2018
6187
5498
265
1431
3916
2151
6459
6628
997
1358
920
1275
1507
5099
797
4569
2849
3184
4933
6017
786
4711
2266
6783
1028
562
6343
6417
5402
3634
620
4923
2102
3482
6245
316
1610
2948
5393
5274
1720
5415
715
6472
4782
14
6252
934
2913
2471
669
5693
1816
1485
6563
2755
3748
1435
6930
1629
4219
6464
4630
2829
6699
958
422
4935
2465
1769
4723
1675
4511
2948
2106
1823
4451
5925
6897
4852
5597
6493
3442
5309
1915
1545
4466
3011
490
2310
3043
5290
1483
2115
5580
864
6916
1691
3534
4472
3251
4118
4837
6124
6291
811
1954
2427
3242
3075
3007
4854
5043
3100
1659
4778
5556
5455
4359
1115
1602
4102
4501
1422
3447
5621
928
1815
3737
1179
611
1432
3860
5277
4536
6898
1308
7007
3294
1118
1426
5561
4588
2916
67
5020
826
4834
1313
3088
1179
2373
3837
6750
4002
6938
442
1730
2195
2646
4544
3687
884
1280
1653
4003
2603
2717
5874
5574
1134
1137
2271
4489
1438
4758
1601
3887
6246
4649
6790
2409
158
374
1783
6276
6414
5818
1597
2539
5909
6978
3050
5563
76
3848
1786
3817
1128
1469
6803
4230
5542
883
5049
5200
5971
4820
6408
4131
402
1239
1745
3257
6851
5010
1070
729
3046
5740
355
409
1823
3858
3594
1619
1264
3624
910
1860
3527
6524
3892
5708
2605
1746
6939
2373
5522
1414
977
1860
199
4824
4964
1283
4732
1275
4957
5001
4488
4204
5643
753
4199
5092
4623
391
2014
6003
1041
823
125
4813
4498
2163
2351
3504
6685
6597
1626
6542
2678
1001
2395
6287
3833
773
5562
2121
2687
3527
4240
6115
3837
6902
6781
6258
5244
5681
4600
2731
3914
1361
5208
6378
5685
6844
3268
1509
2948
1731
1371
707
3307
2831
1800
3185
6366
843
2143
3716
2224
4141
896
555
585
6745
3436
6296
6448
6962
6690
5904
5
3370
3571
512
6544
2358
1179
6931
1516
3418
3428
3075
6704
4366
4154
6254
2724
4708
937
6354
860
1423
821
3218
514
3738
3465
469
7017
7067
906
5663
1929
1946
5320
5957
987
4290
6997
4895
3002
5799
55
1438
4235
5644
5273
5076
6595
2331
6762
1650
195
5718
1289
1231
2915
7095
6099
3495
1197
1948
4564
645
1515
6418
3057
2196
720
5916
2367
6676
6511
982
2172
4626
1765
4568
379
6526
6062
4537
2171
4109
1601
2927
3809
6239
6293
2456
5166
3471
6551
4811
5992
1819
6756
4361
1842
4494
3188
2778
3561
4281
882
295
2322
4418
5788
627
2297
3997
1436
814
6693
6372
3455
1270
817
2777
499
2419
2628
2750
1290
1032
4911
2598
2434
5467
1230
5844
3898
4836
6465
4903
304
512
3293
3109
4254
399
4636
5194
2266
4078
2958
134
142
1734
6740
4901
3236
6560
2600
3809
5369
4236
4900
423
4813
2014
377
5864
3414
707
4340
3248
3613
1558
5924
267
5948
3525
3534
4905
4828
4924
6594
5929
4145
5785
5652
1014
6038
5822
42
3984
72
563
540
5917
4523
2093
4925
5981
1926
1758
248
5334
5057
4681
5788
2548
3560
4653
6987
2152
6890
5741
3003
5315
5998
3568
81
6950
129
2871
6723
6182
5554
1201
1817
4129
3501
716
171
6386
2698
2796
7057
4377
6841
5304
5838
6908
2423
4264
3350
4907
2941
6912
6601
2605
7025
6462
4810
143
4048
5845
866
2971
3980
4398
3519
2733
4018
2401
4086
4769
3088
1314
6635
1039
5043
1857
2441
6868
1330
7068
2609
1095
2508
1880
1150
3187
4146
3333
6948
4661
759
2562
6358
5040
6418
1849
6097
3918
6577
2929
1441
3920
1545
4326
3094
4153
5705
6368
1582
569
3520
885
1334
2359
541
2394
2546
724
4855
3744
5871
533
4327
411
3351
438
822
1053
2800
6446
2492
1273
381
6912
6381
1472
6825
4835
107
53
1340
595
1047
1179
6208
4414
6375
1632
2701
1616
1391
4854
5241
5228
580
4114
3915
784
1178
6851
4090
2388
3730
6213
5591
6960
3713
3792
6110
2053
5702
4252
4543
2973
3516
5096
2523
