1000 7000
5921
1256
1110
1331
5608
94
4068
4642
615
8456
2003
8157
9631
1917
5866
2544
3391
6040
272
7227
3670
7316
691
2430
9060
6865
4941
3945
1572
805
4860
318
13
4051
3624
8887
5804
7556
6502
9313
4381
2503
8025
585
652
8811
6496
305
142
9470
7593
3056
8382
6663
2401
8062
9855
438
1625
5006
4389
5748
6971
891
3302
9123
2719
106
9741
1885
5366
4513
7720
2901
6893
263
2163
204
7656
3334
7877
7394
8248
6303
8884
7803
5718
4766
705
6574
8504
2973
7367
8473
6131
4763
1720
7118
4277
7675
2354
9514
3171
5238
2962
8337
7438
4862
246
3218
8501
6526
4670
1453
6419
480
4261
8014
6673
557
5428
4511
8797
3407
6372
6849
8014
2895
7999
1729
8029
3272
4479
2826
3042
4320
591
8560
9669
6585
5809
4638
4958
5112
5754
6266
4947
5584
11
6849
9378
7693
1670
2285
2022
6720
7924
2551
2848
5804
3023
5182
7799
8191
4505
8434
4281
871
1214
5483
5642
8432
6869
4818
5909
8730
6116
6161
6826
9991
949
5682
2840
2378
4114
9088
6111
5689
2725
6220
2840
8894
9655
6214
4252
6482
2520
7978
425
1232
25
6789
2823
2957
3317
4105
1873
8002
5584
4401
9198
4837
6602
9744
261
6952
202
122
2036
5458
1681
5133
2115
273
9083
547
130
587
6965
1419
9793
2421
3759
2036
9966
3525
4203
1748
6186
3601
6413
4914
9845
900
9113
2667
845
4595
8332
3947
923
6056
4426
3368
9141
1073
9653
3870
8004
9467
3786
2819
8554
8076
164
1256
5476
8077
7507
7318
8684
7827
3375
6519
6189
7987
3640
3523
4111
6521
8591
2345
3672
7401
354
4470
1669
8278
8208
7317
516
9248
8078
8643
6276
6912
9960
6060
8279
5389
2414
4626
1887
8678
6344
9659
6775
6822
1257
6367
6692
1676
5950
2662
3079
6813
2138
6617
4154
45
3927
5446
3119
6347
8243
8549
3985
3655
1304
3248
1194
3826
4093
8134
9673
6423
5387
5626
5278
3426
4352
2278
1649
8931
5986
2668
8452
9022
1758
285
7696
3520
4662
6715
9328
3111
2633
8670
4724
2499
6746
900
6798
2611
967
1874
8469
2670
8350
8289
6988
6003
4531
3895
268
1790
3095
7911
2733
8680
9025
8414
2468
5169
5774
6462
8459
5947
8706
7416
6605
3051
2702
6991
5800
5575
4492
864
926
1946
949
8327
7807
4327
3018
2468
6376
5575
1201
1567
2112
5366
2612
9080
2645
3597
1477
2387
5876
5965
4675
3756
8369
8776
1411
489
7905
7425
1433
5021
2102
5763
9350
9952
5747
1624
3550
7387
3144
7130
6972
6795
8151
1102
3569
651
3840
4866
8667
2523
5732
2105
3656
8016
7442
7948
5398
4957
5187
2499
8637
5584
8147
9191
5267
141
4915
8957
7786
8234
2392
7019
5533
1593
2403
356
1357
9457
3033
325
3271
5721
6217
6776
323
5167
493
7093
4437
4664
7955
6026
311
4022
7481
9936
3544
363
2017
2114
3201
9316
6398
4219
8674
6147
3529
2560
2371
9963
1005
6925
9071
4627
7298
3988
51
615
6484
6938
5018
3179
3128
7889
7791
3455
4477
9903
2243
808
5345
989
3488
6712
2204
3321
5571
2687
6916
7113
963
7425
7265
46
9055
1159
969
9990
577
8492
2237
862
2303
4482
5093
8882
1830
2567
5642
9276
5233
7116
6276
1467
1458
7808
8421
4224
5992
7841
6802
892
2973
3059
7489
8817
9249
4485
3986
6403
6138
2452
482
5835
4594
6561
9088
9469
7358
2025
8298
3087
7278
9606
3264
9812
4443
3344
4540
4336
6013
7488
888
8264
1747
1710
3445
3942
5052
1504
3121
5854
4134
8954
420
5876
295
7524
7061
1047
770
3393
1769
286
1628
5002
8332
9550
2194
1950
2734
3268
6229
4112
7461
3596
6667
2016
5427
8014
79
9824
2902
111
4268
3061
772
7989
7372
4195
6044
9700
9693
549
1052
5319
97
665
6070
851
7279
7189
2165
34
2472
6652
5014
6258
4179
9073
7185
8346
7498
3239
5854
719
201
6724
5344
620
5321
3218
9017
2470
5269
3600
3010
2197
5662
1315
5128
2418
7992
7101
5794
2745
9015
2863
4362
8145
1312
9604
3364
2290
3866
9709
5248
2135
3704
9577
1081
4596
9626
4666
8286
6102
6921
5299
5047
1067
7546
8270
2209
5868
3743
6238
9685
810
4294
4159
3263
3675
1704
9622
9422
5056
5467
1837
344
7360
1304
2229
8616
6580
8725
8140
1343
8315
9638
9960
6292
7285
8806
1167
8562
2624
2963
212
4813
9628
9115
2977
3538
2305
4135
4596
4077
42
7152
9849
4130
6078
3438
2052
5341
5012
3472
1375
9239
1558
3745
4877
1279
2992
6420
2190
8981
3287
3507
2728
1370
7794
7369
2626
687
3539
3544
2120
4227
1648
3676
7072
3577
5287
6101
1473
950
8560
9098
1338
7457
9267
7175
4234
6127
1181
3879
2801
3295
9534
5551
5132
5570
6788
9245
9636
6013
4438
4558
7076
2387
602
3534
7912
2371
2435
5001
8764
5505
7066
9676
7840
9273
4632
256
5527
7231
2272
6267
2971
362
8495
6992
8449
8958
3173
6942
8621
1236
9632
7516
9301
6618
1784
5301
8333
6165
1056
2201
1339
9986
4993
5087
9634
1631
1847
2972
8477
2431
3183
7858
2902
4564
9640
1351
7923
217
3299
2884
9625
5616
3825
6999
3756
2964
4545
6470
8837
322
8900
5277
1534
9353
7372
474
3020
3511
9879
4751
6448
4701
8904
2200
7263
4805
4164
8169
62
9472
491
428
7979
5569
6808
2848
3185
376
5532
4787
9939
156
8578
8965
4910
8101
8251
8213
2946
6796
8722
6733
359
8329
6569
4698
1913
5997
6869
5917
2172
5100
4755
7083
6652
6791
970
3694
3287
8149
4008
2094
148
3679
686
9314
1035
8313
1641
2374
6616
9645
8160
6546
5104
7601
2026
7712
3130
3063
557
7382
4407
3032
4969
220
1107
8869
1302
2982
382
5852
9673
662
6445
6845
9443
332
6779
223
4961
5681
9591
2360
9023
5584
8469
7977
8910
8135
9341
7423
2901
7580
4303
8565
3583
5284
6653
2410
7914
7499
1572
5761
2994
2031
7262
1294
830
3137
2105
5265
4991
8978
4393
5753
6952
8781
2543
9779
220
7489
5354
5995
5842
4150
3821
665
3817
6508
8300
8651
1042
8395
7413
7785
8015
8348
7960
4591
3219
7615
8359
1639
6314
3193
1608
2019
8652
6886
7637
4368
2382
4507
9078
2685
7472
257
8890
8775
9353
127
3113
1586
8554
4712
7077
6909
7691
6206
8807
2981
512
6561
9062
2357
2267
3793
3488
8102
661
1240
8701
2827
1832
223
760
2382
6410
9988
1446
2121
6543
87
5058
2578
5967
9407
6019
3112
1705
2978
5459
6623
7772
2334
3200
5811
8383
7758
60
1568
598
1048
4238
7143
4078
5560
4707
7452
8698
6262
3971
1520
9094
6263
2369
7485
8948
7880
6145
3808
6786
5659
1933
7340
9362
6004
1014
8819
8345
3037
7721
8968
934
3159
7721
3892
5282
1419
3518
6736
7179
1218
6540
3683
5272
5170
7390
6273
8333
8996
8475
8775
9541
2202
6092
8860
9578
9008
2294
2191
2430
511
353
6715
5244
4338
1509
412
6322
1265
4814
7036
3382
9122
6356
8028
7600
3172
8933
5140
7629
8613
8309
7588
1770
5355
7621
9560
5781
7296
7169
8775
8452
8457
2914
4446
6973
6042
3263
3492
9375
6214
462
7116
1911
1773
9795
5980
5051
2201
7132
1132
3031
5608
2899
9547
8289
9001
8502
7716
4034
7983
9397
4026
5219
9515
7549
895
690
1698
4861
555
6981
2627
8306
4195
7323
6390
6946
2783
7749
7966
796
9262
5922
400
1604
6111
7256
6998
5999
9237
7240
8498
2157
9052
8471
145
2194
2261
5848
6472
3816
3329
3618
2188
6399
2939
3523
6024
8649
1802
4166
669
7259
2133
7894
5973
8567
5831
2989
4508
8132
7918
5771
8235
6337
6179
9333
2588
1675
3079
3052
9552
7189
4043
9775
4501
9722
6956
5636
2452
6041
1332
815
8211
4742
2052
8249
1411
7875
1778
1291
1845
1656
8181
607
2707
1331
6999
5260
9338
1314
9583
2808
8920
8011
4098
8524
2173
9423
2792
4402
1580
2592
3906
4453
1916
7197
5652
4015
7913
1228
1479
7270
807
2540
319
8966
189
8322
2935
3483
100
3035
5587
6789
8626
4190
5251
4594
8402
4539
6422
3058
1344
8651
8099
6774
4734
1667
1014
2450
7323
8100
9343
5666
3515
8947
8236
2448
875
6084
8292
6960
1247
3962
841
1593
8565
9935
3301
5936
7069
6228
2246
6717
2108
8483
2837
1611
1957
8134
7278
6056
3158
8411
1603
3666
3754
6711
9701
7656
8524
9262
5817
2819
7794
7527
1906
5002
6753
9668
4264
7806
5320
4494
4582
4263
9565
9814
4201
4627
4435
1881
6769
88
4125
7690
3732
6232
805
7316
9085
9346
4615
9168
4752
3310
7853
7072
5525
4746
4100
4442
3061
9328
8657
7419
1665
2728
141
5866
4735
5515
4285
8335
9616
2562
157
4742
389
3922
5789
8373
2605
6049
4994
7073
1397
9246
9600
1953
4493
9755
1688
854
4693
2574
8528
2890
2132
4178
8887
9905
5253
2701
3104
431
868
6765
929
1812
7842
3211
500
6601
6068
8213
9023
9995
2156
5959
735
6141
6017
3929
546
2465
7931
4127
2409
2826
4024
5100
9891
2276
9147
529
2686
8453
112
6270
6890
7253
8907
9313
8745
3303
5123
8836
1235
8993
9107
1736
444
9329
2596
2387
3922
3712
1490
9162
6398
9909
6277
8287
9169
9948
9190
8970
8230
2404
3598
2438
2787
694
371
1507
186
2347
7992
6601
5480
9957
8048
8777
3868
536
5385
234
2065
6328
2713
8017
301
6813
2717
7221
69
8553
6845
5813
4055
6842
8853
4430
3685
700
2928
953
6666
644
727
1508
1578
6898
9058
6637
9058
4204
63
3818
9494
8255
8754
5258
5214
7930
8552
2955
1169
6930
4071
1366
1814
8247
1804
1722
3501
4942
3613
1019
1063
1123
4943
3012
4470
7738
9553
8172
6446
8809
5206
4492
4776
5063
261
1261
3624
3599
9371
3505
6683
4160
7630
5646
1204
4868
6391
9107
6022
2866
730
104
8613
8215
8072
659
5864
2607
9843
7990
801
7962
3154
4870
2803
3860
7552
6274
1983
6834
2632
5728
9355
9113
5896
8086
3181
9077
6694
4212
8437
853
1283
6956
759
5829
6101
7216
8392
4624
1191
3397
5693
4013
3378
7590
9562
9716
9302
7003
5803
2558
1660
9711
5865
2488
8155
9727
5674
2225
1546
7500
7355
9885
913
8498
1481
7828
8815
4310
2254
3198
6360
7840
461
4149
8354
6574
9418
4574
3724
5669
7246
9322
2141
5654
4722
1348
6419
7914
1796
1992
1656
4790
7336
5720
6324
148
6139
1013
7549
561
4373
9814
2684
6863
9668
9006
1928
784
4884
8665
2246
1591
5204
3543
1114
3256
6674
6171
9727
3497
555
2243
9225
2255
1915
1547
217
8641
2809
595
5422
2214
43
6325
7613
6546
5075
3770
187
484
8897
4430
5699
5253
7894
6225
8468
3595
7599
383
957
525
71
5382
69
3941
7127
3157
8720
7355
6120
8180
90
6282
7079
5741
6775
4456
89
1776
4826
6003
9595
2930
2995
4880
7943
2192
935
3522
3913
2402
6126
8444
3286
7204
8231
1772
7531
6611
1326
4129
3595
2243
8981
6170
2471
5523
4534
3096
6739
614
9024
8989
7593
2762
2308
5506
9978
1816
8581
2535
466
181
6205
6799
6180
4249
3112
8061
4739
8400
3312
1588
4484
1109
7052
9820
1529
3373
7039
5847
5134
738
5803
6174
5754
1483
4759
552
711
5242
3807
2174
941
8242
1417
2423
8480
3654
9077
522
8438
8119
686
9960
1107
8427
7020
338
9536
5525
7790
5421
5423
6559
8903
5629
1469
9513
595
5890
1525
9123
2836
7896
762
7228
8049
9138
6876
5510
7585
9775
9916
3626
7604
2410
2687
1159
2113
9131
5903
7534
5690
4803
2263
60
6154
5526
1431
6566
7870
6423
3569
5842
9710
3470
2484
5933
7759
9958
731
7713
1799
9360
8089
8710
6314
2848
1694
43
1312
1546
811
7573
5600
704
1778
6887
5336
5400
8910
552
3630
5155
5342
5245
2788
7851
3701
5850
9378
1777
296
3319
3713
8245
8026
3262
9580
6260
2676
2587
7098
4997
4364
2215
1401
9500
1024
4967
2558
9905
3529
9000
7589
4761
2778
8866
3733
4574
7446
8210
3222
2569
7422
393
3765
5836
1972
5931
5616
1530
3602
8535
5693
9608
8245
4732
1544
5692
9951
5599
3120
5076
3539
2978
8320
1660
1839
6659
9010
3632
5087
3522
7894
1091
8775
4368
2962
9485
2876
9300
5518
6758
9697
7858
9805
1342
9860
5881
7111
2840
5868
7062
4887
7086
592
3499
1926
2591
3600
6224
3883
5867
1729
3615
9595
9070
1547
2900
7493
4505
416
7546
3193
7086
9784
1219
3873
7636
8991
7199
2373
7016
403
721
4156
3512
7022
446
3226
3680
1836
4537
8902
9849
4118
6180
3929
5913
1666
3213
5853
6672
9522
6610
7796
5019
5115
2960
1810
5541
6945
6791
7842
2754
8964
9626
4022
7087
5615
3980
9441
2015
3113
2176
8903
1264
1036
1809
205
5891
4515
1960
8458
7243
1407
6856
8656
3247
715
6580
7247
2350
8205
7622
5830
1493
2711
9622
5254
1965
1889
8465
6370
9719
9374
54
4500
4797
6206
3537
8251
7847
8141
7574
9770
460
7085
8248
2713
9967
9215
2712
6280
8736
4583
8307
8507
2526
3008
2944
9658
2478
8863
8878
7073
521
3028
8641
6080
8519
3689
8884
7719
7387
8968
5122
2910
3560
3403
8005
4442
6709
7197
9600
2711
4390
1866
6404
8455
6445
8390
4327
5952
4398
4340
9724
3052
8826
4534
9702
295
772
5787
4393
9886
1579
14
3657
6780
9289
1562
775
8294
8649
4025
6081
5790
6147
8969
4204
1728
1096
4032
9606
8127
8697
677
6458
7935
1295
2495
517
9058
9546
3441
2676
1969
6150
1594
6073
5681
910
8142
1295
3620
7443
3185
7059
468
8630
9585
7022
3401
13
3702
6825
6325
7802
7061
9394
3658
906
6241
611
1039
4379
9133
1948
3923
5185
4544
1460
1436
9705
8634
9562
2108
6541
6122
1491
130
7381
6336
3988
5639
3377
4228
9830
203
4363
4289
127
9141
3534
920
985
5654
727
2288
8076
7754
3323
5930
9951
8001
5002
3458
8497
7708
9012
8584
2855
1848
4494
7421
1338
8243
1460
2465
4384
4799
2502
2036
445
1478
7025
5082
5843
9564
6853
7167
9113
9325
453
7258
89
8595
6665
6489
4111
9074
7867
9450
2139
4120
6752
5770
8204
1712
569
4749
6764
8911
1585
8636
3747
9608
2761
774
6825
5666
3220
3279
2346
2660
8911
5189
8660
5311
119
6088
8169
4486
8880
2076
3310
7115
6261
691
4909
2796
1497
8869
4865
5960
2469
3357
8957
512
9737
6119
9725
4590
4362
8270
3828
6750
3185
4754
3069
1235
3851
8622
3361
9283
5910
8126
1303
5422
3586
2021
3752
2557
467
8526
1806
7355
6275
1172
6945
7875
1133
411
3732
8689
3282
3332
428
4865
2098
5061
6175
5071
9424
4493
962
5803
8725
3919
2489
3286
3384
6780
2304
6922
2583
294
2032
8372
5636
41
9437
3288
3385
1698
3148
8538
8325
1100
4365
6356
3518
7517
3658
8255
3986
6659
1002
5803
3323
9258
7660
2357
2539
8316
9195
9741
7775
3084
9915
6514
8465
679
433
9912
7756
6873
1623
1925
2573
6048
257
962
1550
6531
3863
4578
5276
1664
4932
5398
4752
8772
7507
1934
799
7960
2410
8346
9247
110
864
2386
4210
8836
125
8674
4416
4263
8880
5345
5723
7398
4651
5617
6233
2734
159
2301
9141
3159
789
2492
2440
5755
595
1708
3906
9173
76
1603
4424
3346
4922
3061
2616
78
1309
6936
9000
8710
9950
7996
8473
4516
8075
3759
5739
8688
5790
8775
9540
7934
860
6705
8006
8499
3845
7006
9236
4198
3753
469
8396
498
2872
7952
4982
7045
8308
9686
1697
9170
6890
8273
9410
4811
9572
7133
1068
7103
1231
7567
1057
4436
1852
1813
5594
9139
5512
6540
3934
3211
4228
1055
9873
4454
4842
7177
7927
9246
8379
3218
8806
8788
3020
2760
4392
4135
3745
102
3246
1544
4036
8067
3904
3797
7556
670
4684
4984
662
2641
5541
5969
9802
175
9626
5261
1406
2435
9642
5323
5638
1307
6823
7498
9646
7724
8432
9689
293
6447
3026
9648
1201
7617
1443
3363
4013
2647
5425
2360
9150
4012
5138
5963
7087
3408
1435
4577
7189
364
8655
7827
7468
3899
9002
7102
5295
3116
84
5418
6056
8682
3080
8837
4007
6128
185
2714
7180
3559
6447
2943
6104
969
2975
7068
4290
5651
5538
2639
6971
8421
5090
501
3439
8291
4435
8862
7436
9053
8328
9912
9560
9852
2698
4529
5381
3194
2303
2193
3095
8102
5193
2604
4896
3185
6608
2692
7007
4178
4578
7723
4288
3250
4424
8043
6725
2807
9616
3588
6716
4824
1957
6810
8047
7849
4987
852
9746
7717
645
3929
545
4777
734
2739
2624
9935
1535
7425
6516
4195
2048
8114
2539
1541
3750
8394
8019
2985
2525
4225
3680
378
1456
7695
7026
2208
6565
3856
5377
26
6239
5363
6231
3330
9092
4112
8092
2840
4326
1197
566
6897
3243
6557
8584
3412
536
7506
1948
259
9186
939
8008
316
3390
7499
2309
3424
9762
7228
9249
6491
8306
5277
2436
4675
1071
3192
2286
1109
8264
5916
6667
28
8701
7230
8857
8268
3881
6617
5988
3136
2754
8708
239
392
7291
2402
4553
4750
7315
503
4400
6650
6768
2314
7186
3335
2564
988
1354
9286
1477
4631
7884
931
158
5204
7960
3181
8282
2033
1884
882
5075
7412
5997
6502
5040
229
6303
6510
9565
9774
9774
2818
7259
6006
6921
2364
7388
4391
2083
7494
7567
3174
1127
2110
8985
8403
9770
3745
9888
7393
9562
9701
765
4412
2728
6180
2753
3357
1529
2905
4157
915
2583
2217
8634
299
1661
788
2604
10
9879
4177
8757
4312
7938
9285
7146
2071
1045
7457
5263
8455
3551
1422
3780
9646
8920
2592
5161
4109
7671
1312
8231
5281
3155
1586
2978
9577
2666
3529
6331
509
9247
1345
1517
4402
7788
1950
639
5731
7522
9583
2642
367
1887
4670
6491
3216
5835
1030
2505
2659
178
4102
3130
7929
2290
4305
8117
7193
2610
3841
8080
3446
6764
2319
4697
2536
3865
6424
5442
2654
2528
1524
5694
7436
7543
8558
1251
5472
1738
7903
9909
7430
9549
2937
1583
8329
1113
16
2629
6487
8239
8239
1570
2613
6564
1974
171
2192
1366
1417
5968
1812
8075
1687
9780
5418
2339
8865
4471
9602
8624
2239
9276
7995
876
5585
7417
3579
3429
6736
3350
4316
5549
3935
48
1868
8311
9485
5962
5386
8284
6078
6002
2351
8472
8856
719
6278
3352
6714
3195
6723
1449
9671
3663
478
5880
5218
7742
4111
573
5480
5389
7076
7435
8763
4115
1479
7683
3570
1885
9323
8707
558
2157
549
6420
8059
6032
5477
1845
9761
4163
3463
9854
8936
4170
5450
7459
2226
7659
1913
8765
7382
4631
9233
3873
3618
2051
6958
9345
232
7673
5549
8603
9059
9815
9278
1624
8937
8722
1738
4669
5871
5395
2053
2401
868
9327
8339
6725
8519
7446
1233
8968
3309
2753
4342
4576
7379
2629
403
2432
3007
3622
1593
4111
5402
1581
9969
1890
6615
3520
9330
8192
9298
254
2913
3290
9888
6975
2321
2543
4337
2266
1801
9235
5983
4730
8574
4165
4351
447
4328
8523
5705
3715
5126
2334
1073
8222
7077
6729
5068
5647
2838
4705
9377
4021
9740
1602
8007
8653
3723
3576
7552
4356
4533
9564
4603
8848
6748
9832
4187
3740
8011
2126
7657
1268
611
4630
5783
2120
5036
3469
2995
2079
4439
1344
1692
2972
7101
3013
1313
6482
9926
2825
5482
7728
9752
9255
1957
9210
847
1510
4327
4711
6325
3650
1457
7052
8446
2403
529
3219
7730
5844
2182
5300
3680
1500
1767
5941
512
4035
8964
2548
9764
4669
9188
5369
7895
6759
4049
749
1046
4532
4924
2351
1079
4887
3206
9941
6625
5392
3143
7468
455
5110
8377
9566
9748
8744
1244
8402
9028
8735
4692
792
6425
4407
291
8931
2728
2037
2212
6734
9242
4806
6280
7755
4851
6988
5257
37
4878
2466
6355
7775
4375
3645
4655
9667
6255
3237
6566
9034
342
7971
783
1386
2846
298
269
937
7057
1406
7730
8785
5076
6473
8774
1955
7335
947
1460
4308
1329
4909
8349
7449
3494
1047
7290
2178
8502
643
160
8797
8354
1114
4584
7629
9622
8101
2270
9468
947
4900
8959
9377
4457
2079
5297
6233
4170
572
4903
4726
1641
2219
5814
6148
4112
2745
4122
9227
3263
3552
4111
2503
3277
279
7490
5323
5401
8121
5418
5371
2427
6118
942
6856
589
5236
6182
4948
8282
7969
8162
8894
672
390
9506
8328
6792
1100
5426
4753
1054
5393
6356
2889
4211
7057
6439
4660
9786
4745
1617
1950
708
4582
7528
2943
7497
5792
6634
859
3723
1519
6038
3190
6620
2711
2307
4189
821
9006
7284
3264
914
6850
9354
7188
4241
1740
7908
4608
8734
8484
4859
7160
1892
587
5997
2746
6052
7497
6665
2942
2004
6354
806
8394
7677
3051
9770
3123
1172
5998
7451
1096
7677
4777
1278
6203
8018
5047
4406
9795
2459
515
3031
8317
7191
2554
4173
7271
2496
8164
3523
6717
938
7341
9957
7828
1178
1657
3191
9659
7970
6849
3726
176
1750
3615
9684
5877
1851
2359
3469
9895
5828
9721
2222
9280
3634
6889
46
8431
9466
2341
6626
7070
5977
4556
6444
7989
5250
3434
5155
1917
8452
2683
4819
4279
1384
9309
7707
1369
6292
442
9151
1511
1267
2235
3527
160
7282
331
3891
6555
9525
6472
4990
3575
4048
1264
1426
1682
2967
8749
7595
2545
1434
4568
3724
7791
7453
5723
2732
3620
1227
6678
6023
2560
4158
3476
2358
9507
8942
4806
2887
399
1179
6570
7166
8312
9890
4394
9505
3656
8992
6712
2352
2174
4264
9628
3585
6965
732
3555
7578
8434
3460
794
5664
9156
740
2694
247
9019
2377
4784
8233
9651
7406
8375
3665
6196
4897
7527
6485
8741
8739
972
4225
5363
2299
9641
6064
3683
1662
1755
4185
8041
6806
9088
5655
5004
8507
10
9153
730
5022
7129
4775
9951
6688
25
1896
7795
8449
6364
9601
2480
13
8006
6537
9047
857
2147
2215
1713
2638
1440
9786
5176
4675
1162
1076
3270
9115
5954
8272
6709
1195
3456
3115
391
6524
7218
3593
4653
1757
6710
274
4264
7165
7912
9182
3482
9682
4046
5848
5474
2777
2309
5601
9649
5158
9142
8495
977
3774
3513
3341
1263
7810
4978
4239
3527
9466
885
4750
7111
4194
4952
9345
2969
7743
7697
9188
5694
9914
7706
9402
1292
5194
1563
8006
7416
8621
9420
2469
5886
1156
2666
8440
5625
2594
9869
6631
7894
1640
7348
8049
4636
2138
1036
4831
5087
1640
7071
3773
5427
3541
9567
2313
1159
6780
5313
2224
2154
7790
6869
4532
5881
7788
7425
311
5159
4790
3110
5893
3010
3768
992
7796
8632
308
3946
2160
5364
2747
6737
5895
3588
5369
1241
1878
8993
476
2508
8498
9329
337
1578
4691
854
962
5380
5149
9054
8381
8843
6866
6885
4702
9426
7350
7772
5600
9684
6917
9933
3100
9180
2320
3197
7484
3116
6634
9405
46
1338
786
2775
3967
8080
5422
7089
4123
9737
7924
2522
7797
5231
8248
6038
7440
1157
9054
5816
3432
1749
92
1953
9533
1963
4170
2831
6212
464
2221
8947
7355
8159
7925
3759
4015
7082
8163
4147
4781
3860
4176
1493
6127
1803
9710
7999
7658
5742
6668
1933
6571
4110
5818
9733
2832
3511
9980
2575
1587
2037
9749
9879
2147
8907
7330
2557
3520
9690
2308
4253
4905
8310
4328
9816
5837
9313
1523
6322
4735
6472
300
3524
6480
6691
1624
7381
9373
1409
1262
2465
9305
1179
6675
6429
4315
3011
1163
2527
5826
4140
6700
4176
3824
393
490
8954
1978
2093
6666
8097
5273
5522
3839
1546
7152
3349
1167
7929
5288
3187
552
3441
5201
9422
162
3548
8679
9813
5020
6679
9659
5024
3628
9619
3630
6188
5765
184
7898
2904
5459
3955
9128
1627
4884
8332
1447
2345
9487
8969
3105
9616
1972
788
2196
2595
2958
8174
2262
7481
9112
6750
6724
5022
5316
2101
7075
5103
6059
9286
3463
291
2668
581
7934
244
7180
7913
9933
9333
748
793
900
499
4287
87
9771
9423
1758
2994
4062
4428
1949
4772
1787
9130
2925
8340
7974
6906
4386
3754
5760
8437
7134
5722
6125
6218
5543
8843
2222
2832
8476
7019
3950
2953
6460
5661
5926
2637
8075
2695
7334
3224
6515
7149
5264
1385
8039
2144
4104
1269
7670
2479
2317
9517
3889
5701
4466
8951
3300
9517
807
2205
8314
7735
8883
2213
5709
1524
1644
2567
1615
2732
4359
7015
8957
1226
8310
4095
6666
8786
2606
9808
6062
7956
6810
8549
8772
5420
6075
64
2211
5999
7402
8139
3257
5129
329
4915
8063
4826
7849
3258
6135
585
3722
8440
9762
4362
408
9571
5725
1901
7881
627
4736
978
7282
751
5555
875
4947
3564
4910
2339
1780
5625
1400
1622
63
4890
1422
1801
4880
1063
7821
9516
87
1044
7441
5505
9452
4353
2049
2859
1999
5355
8201
7832
6852
1390
5556
4163
6984
8512
9830
3396
3106
9432
6181
507
8667
1452
1106
6215
4440
5753
6154
4837
6472
3194
4709
9258
4343
5936
3870
2657
7588
8690
7108
1
6928
8139
9760
993
3517
4190
8639
164
3784
2091
9128
9080
9673
192
7919
312
4069
4118
7280
2659
9026
4499
7168
2460
69
2003
4819
6302
3245
440
7555
6351
2923
5933
3441
697
7329
7760
6169
7589
5784
4367
5100
4281
6215
6266
8706
8263
4105
6072
9878
1158
4305
4722
4486
3249
5294
2149
419
9694
1430
60
2894
7844
2462
4314
3276
8736
1190
4439
2848
4900
9489
8243
32
820
178
194
9404
2112
7143
3253
3530
4334
9041
5197
4085
2640
2453
2114
7077
9016
8866
3698
8035
4719
6101
7293
6967
1715
8868
160
9630
8417
5031
2399
1178
1817
3852
6138
603
223
2
130
9588
8271
2426
2747
7313
8598
331
509
3583
2611
9446
3735
6261
6200
539
5698
5363
4887
8669
6736
5433
6889
6122
184
9856
1937
4080
2704
5598
8227
8183
7606
4550
9897
882
6095
8135
2608
9155
8044
5097
5371
9627
824
8524
2691
4325
2034
7072
2166
9453
9533
7063
9304
6400
102
6698
3023
8906
6228
952
2473
2842
9120
5918
8242
5338
4789
4310
8742
8185
9259
9650
5625
6331
8430
5259
469
6078
7825
5587
8639
9161
7631
1651
5219
8265
8784
9381
2232
6734
6568
9548
5969
240
9254
577
8198
1006
607
1071
5246
5794
6751
7134
4517
7349
9877
689
8886
5197
3482
8902
5570
5844
6489
1580
7577
4215
6474
2885
2669
7965
5396
6149
6836
3714
4831
5660
6781
9653
1481
7311
8595
2064
7901
798
7895
4236
7884
9626
67
5074
645
1631
7915
1182
3115
1920
8035
685
4999
2226
6521
9159
6985
5451
9248
8138
8522
1917
1888
4384
7909
4261
78
3865
4105
1240
696
7718
6604
6790
1101
8804
7041
9626
4329
6517
3728
362
4779
4382
8255
7708
695
9683
1509
2641
6886
6886
4951
9585
3559
6908
1878
6675
4862
2456
2500
2905
3828
5587
6171
8603
8743
7405
3841
7101
9675
1374
3928
9640
2852
1130
5181
2664
4947
855
822
6454
8881
1296
9293
6757
7735
7319
8265
6509
3571
3557
197
3074
3557
3104
9737
7502
6615
525
5504
6247
39
4485
1360
2478
6976
7201
5238
3700
2524
7601
6757
4733
8264
2627
8385
252
2520
6372
8771
9102
6354
9951
1004
3363
3392
5897
3018
8745
4894
9653
2142
9351
232
7319
877
9004
6870
3156
6389
3440
3294
2606
1919
2477
2911
6532
4324
8979
6937
254
8324
1863
9459
6563
4657
3715
8468
5366
6323
9716
2514
3843
4362
3417
3804
102
2213
6697
5078
182
5578
5767
9379
2957
2967
2407
8990
13
571
9817
2194
7863
4001
5442
4303
8050
8551
8893
2433
6578
9111
1736
1867
7912
632
7283
5558
348
143
2807
7284
8929
1706
3574
3297
9301
6412
8016
6912
884
557
5972
5435
583
6442
7425
9046
8892
1966
7476
6828
8672
7021
4360
5992
3165
7121
1245
6550
3879
7150
9294
5144
852
1110
9000
8589
7493
6908
9131
9773
9739
8782
7852
6009
4559
3769
8505
2667
5977
2791
3354
2980
7755
1416
2197
8281
599
66
9167
1607
8355
8596
260
1598
2043
5544
6181
2960
2744
8038
9964
4308
4413
4429
6440
4223
5470
7994
1172
1526
3687
6762
9717
6378
2306
1425
4206
4671
6623
613
3112
9331
9297
381
1871
8699
9574
2657
6490
3906
6275
5612
9674
4329
6940
7452
9153
2605
5809
3948
884
8446
1490
9185
5557
3565
1074
8482
5507
8340
1268
2180
451
4617
8612
9111
4803
7934
331
8966
6282
6859
4466
3451
5419
6681
3024
7193
8222
9661
4656
684
9758
4285
4026
9163
4654
1516
3481
3371
1686
6910
8896
306
3487
3652
5619
4769
9162
3045
2355
5345
7139
5815
504
1682
7915
9686
3995
3477
1554
6141
9950
5399
2752
2001
3695
6329
7077
9529
2520
5762
5605
2139
1424
5006
1573
1432
577
5875
1921
5351
8676
4992
8613
6467
8536
7528
9494
4088
1274
220
6102
3791
3273
9853
6337
3229
5746
70
3174
3608
156
6253
6703
2119
4021
5622
5732
1769
703
7152
6850
1573
3657
3917
3472
1848
322
8603
4658
6503
3339
1531
3738
6616
7115
9281
9690
7353
5862
1259
66
3343
5226
917
2810
5977
3335
8181
5775
9804
8707
9699
6950
4151
1826
3912
5442
456
4378
8695
3137
5367
5185
317
9616
4644
4657
3807
8367
3081
252
6482
646
1301
3842
8332
4445
1070
8198
5245
9921
7012
3812
3649
9380
4074
9216
8039
9450
6895
7633
6062
5445
9380
285
9382
3051
177
2045
2364
490
2510
8232
4768
5065
4908
2287
9135
1631
2679
2843
8264
6917
8716
5277
3339
2894
6195
7205
8600
4376
5011
9578
4224
937
8456
5057
5039
875
6556
3161
9109
5425
7704
7324
6815
4735
835
2420
8052
3194
6210
2613
2434
652
4094
8429
4973
7768
7058
8850
7621
8284
3520
8913
5251
8365
7170
5824
3203
3316
9425
6905
2340
4969
9766
833
6718
8817
1879
9571
8444
8577
1894
2177
4045
7283
8687
3183
6795
8235
5216
7727
9827
6180
4149
2702
5556
8938
704
8280
8002
2365
483
6966
5908
7023
409
7939
6204
3217
6355
2950
9349
2143
1977
6242
338
4852
9418
5070
1748
7415
4058
9269
8123
246
2269
8018
4186
1873
3293
9449
2880
2642
3744
4097
3139
1784
6026
6288
1351
2080
9973
8536
5020
9977
422
2767
1857
5402
2090
8761
2639
4748
7127
4606
1573
2587
27
6101
3610
2454
9176
2150
4196
4770
4305
894
3243
417
4268
7075
1823
1785
228
4486
6966
9204
5105
8670
7304
9599
1401
4095
9813
5922
5948
6895
5872
479
1985
9002
3016
2593
6044
1959
7330
1239
9596
9067
238
6242
3110
2635
2599
7437
3281
9033
8499
9784
2515
8053
892
3853
3457
4599
1314
5310
342
170
6335
4107
3251
8734
4095
3879
981
6673
5291
4780
3147
9220
4358
8417
2428
6529
8195
1866
3348
887
1766
8826
4945
2901
2197
9930
776
8519
5547
899
1255
667
3369
6814
119
8926
9337
3140
8914
8274
9811
9229
844
3124
5976
8114
8067
6133
9402
7112
4581
2131
7296
7392
197
6303
8511
7083
9800
2345
6453
1718
6076
673
451
7844
3197
8971
2823
500
3566
7388
4959
2903
9688
8489
2015
7207
8419
7726
2506
8432
5454
3629
6041
9802
3771
8164
9701
6656
908
6830
1169
7777
6467
4857
4607
7583
3046
675
3508
9928
895
252
3236
4460
9061
6247
4866
9448
3490
4078
1021
781
5650
2918
3913
5446
3571
3420
5557
9216
919
5524
194
2495
8672
9109
9397
5308
8314
7410
1022
2308
5045
8172
4182
1279
4475
321
3804
4153
6475
4535
9913
7815
5441
4618
8828
3085
7095
2741
5646
4168
8108
5794
57
7627
6353
1883
383
9426
6372
5763
3954
983
6794
9493
5481
319
3843
9901
8903
2379
7827
7612
2340
3382
7578
3322
250
7658
1137
5757
1668
1870
9714
2351
8484
706
5902
8024
3114
224
6446
9688
647
9816
4501
4056
6563
1493
6232
4226
7457
5611
1837
6077
8864
5516
1672
9004
1222
9596
3980
6762
2307
8256
1948
3274
2061
4964
4270
5120
3605
5107
5252
7153
2488
3752
7550
162
4705
3538
3123
9850
2888
6942
5695
4541
9193
2932
1080
4917
2919
6618
99
2931
588
1960
2501
8537
6400
1772
9285
2328
1311
6348
5136
9295
9696
1866
2302
4035
3641
2383
2175
423
6165
4751
1072
9542
6403
4019
2291
7993
1683
8045
7352
5030
3725
3924
5562
1038
8810
5565
2477
1715
4611
1328
4700
2067
9619
2924
540
1788
4657
2018
3480
8965
9723
8888
8187
2141
3668
8335
6807
1742
8561
1605
6682
632
5480
9523
9319
113
3459
1279
4397
2103
8781
5279
1944
388
7520
3440
414
3883
203
7861
8325
2643
3880
9357
2383
3000
3487
604
5534
1657
1354
2736
4313
9826
1016
3190
5974
7574
9035
4279
2445
5395
6478
6536
9898
4795
9868
8233
9893
2092
9988
2632
454
43
5744
7494
3194
9975
9417
7201
5661
3108
9151
6398
6443
3438
4243
5523
4249
6228
8924
2793
1187
5424
715
4271
4758
595
134
3482
2711
8964
9595
4717
9821
947
639
9649
5921
8209
297
5158
47
1748
9373
1380
6450
3730
7683
2914
4399
904
3868
2842
5177
9283
338
8744
6517
9511
7073
2280
6810
9786
1570
9040
8859
8611
6015
3373
5706
2707
6976
3650
9105
6411
7315
7097
4582
7626
4816
9662
5720
1975
7130
5672
4284
1169
8008
4044
2106
3839
5529
2698
5292
7046
9037
436
1231
4537
7867
6090
4100
3436
1550
7990
5189
4512
8184
2911
155
2421
4934
2599
6561
1390
2165
7685
1511
8712
682
3335
1021
3089
9710
8334
9865
7395
1799
9506
3095
5749
9651
6290
8137
2907
9075
6130
9476
9949
1643
9924
6255
3988
498
8199
6828
1194
2782
2876
3317
1825
2582
6599
3467
3144
8992
1378
6790
1112
4935
1008
6862
4570
3698
7201
1907
6264
1813
7643
1355
3502
8848
5297
6929
7501
6986
2208
3002
4555
5813
7753
2440
4031
684
880
984
7906
6201
8157
5326
4063
9913
4704
7457
894
5130
2976
627
3871
5946
5229
302
5731
1997
9045
6888
639
5254
1756
5642
9290
6277
8783
3219
6308
2689
3029
9587
3448
8410
7204
8683
2171
8189
8744
1079
6966
8279
7371
7214
6403
816
8701
278
2385
6359
3354
3701
9302
6383
9977
9399
3890
5047
2312
9418
3425
7505
4948
5401
4663
228
9807
7463
8370
7308
5531
6455
4656
5601
4934
1359
2431
642
1487
6605
2290
4828
4377
2491
5829
9036
3133
5523
6043
9014
7001
4546
2775
8226
1333
2792
4416
9586
3067
5612
2076
9513
87
8610
5229
9090
4675
1094
8509
8760
9611
5352
7759
4953
6552
3135
9700
9309
228
6873
3666
3757
8761
4680
5721
7609
9918
5003
5193
6041
5455
8863
1143
2844
926
5119
1630
4199
6258
6871
1767
4344
3206
5222
7492
8488
9400
9962
762
3088
5125
5429
8422
8704
8179
3788
1430
6053
4224
7292
3253
1552
4870
5688
6330
4742
3421
4868
3249
6251
8678
8130
4990
1637
490
1937
1970
3425
6837
3949
4928
897
1176
2301
1752
4805
453
1549
3208
2077
8795
2565
5277
3781
9194
741
8264
8157
5675
9315
3207
9358
1443
2372
4217
1679
4268
5117
1359
8541
8975
7414
2402
5259
8326
236
3395
4688
7819
3678
7343
5298
6950
9506
7517
1879
9351
808
6902
147
6889
6251
8122
7837
8255
6730
8820
6535
932
7672
5911
437
6436
1222
8384
543
2748
8631
2419
5334
4494
4748
4440
1913
1020
3222
7451
4780
4860
3252
3493
2980
8229
6057
392
125
3197
2046
4098
6026
1943
7685
8866
3076
7151
4473
6288
5321
8948
1044
744
3241
4092
3510
3261
2672
5098
8366
7929
1992
1893
6965
5041
7744
6202
467
2962
5193
9402
9436
6356
6954
7834
2795
1850
9830
5674
6707
3451
7219
4395
5196
9162
2086
9567
717
7059
3363
280
4782
3826
6884
3832
5808
1270
446
8514
3822
6607
1467
253
9372
507
4834
4702
7078
2771
8018
4981
2597
9347
276
6632
5491
5875
2894
5644
9446
2420
7784
2410
5631
1190
2482
4328
4564
4084
614
2453
6837
9707
8239
3045
3244
144
8120
3199
443
6230
5944
784
9147
6303
4789
2900
8018
7507
6706
3743
7922
598
3227
2325
8033
8893
9757
2854
7383
9532
2405
5743
2856
516
9587
5183
7436
142
4934
31
505
6412
2445
8331
5391
2707
9672
2257
8067
2637
9741
9418
4835
1356
8452
8597
6200
2787
8418
2763
8730
2273
8206
9927
6613
1941
791
2855
9903
1735
2295
1948
6976
2491
8922
1720
4587
8721
7311
194
134
7822
1064
2286
7168
9299
4168
2779
7065
2342
201
1845
6832
2529
4737
6228
5493
8822
7242
2213
9239
112
7846
2241
8549
6528
3894
5697
8916
4503
914
5757
429
6123
2752
8457
518
2719
6013
7148
8426
9810
4660
5381
9624
5562
1657
3919
3290
7699
5868
3060
6245
4498
4088
9736
2284
3876
27
9969
6680
907
4363
1166
1893
8132
2559
5471
1914
4925
28
4952
9573
1868
7461
1708
3200
3626
2664
1196
6466
9095
9043
5027
8012
749
5100
287
5486
6071
3680
6012
2000
2703
4573
3932
1703
5495
9085
9722
5144
8086
639
3147
4428
3767
1170
262
2755
437
9100
8540
2914
2285
1008
6259
4483
6431
5773
767
99
6245
6949
6369
7009
4289
6343
1480
1283
6935
9438
6398
8579
9570
1135
7651
7174
5988
8545
2148
6036
8128
6059
4597
3216
2575
6779
4591
7530
8419
3540
5569
9585
7015
2204
6465
6555
7904
9708
8261
8810
6786
9402
1904
5488
776
6647
1080
400
3390
8326
3188
9289
6722
981
4535
4402
1077
3574
1233
2528
2975
2598
5597
8310
892
9129
8911
5393
4342
9792
5381
4232
6008
6104
8801
6865
8474
9624
2996
5721
6855
3531
9481
5706
6085
4764
921
6209
6985
4722
6953
2423
8340
643
9757
3431
3172
4268
309
7885
6160
9167
2713
6770
5720
3179
3234
6752
8651
7814
2652
6928
7450
2237
5461
6369
396
5364
7089
9845
2349
6078
758
4306
9823
8094
8958
9275
7348
3060
560
200
3397
2701
3516
4930
3222
8432
4864
60
2837
4743
4231
5611
3066
881
4450
3702
5105
3899
3007
9245
9349
4944
1069
8487
7387
9826
2598
4233
3002
4385
4672
5004
1783
4910
1560
9015
520
4015
9298
2888
6946
2689
4597
9301
7573
47
1716
7417
6400
3253
3647
4832
76
1482
9414
65
5737
9396
7562
133
6205
7602
7064
8664
3452
9820
738
6134
5355
9079
3027
5352
2623
8166
3535
2102
2475
2755
30
2960
3169
9176
9856
9775
8799
2629
6602
3000
6910
5768
9721
4136
2426
2094
8375
942
160
3313
7189
7707
4723
4952
850
6903
1068
9901
6493
7823
1050
5257
7725
2457
1458
3896
1723
8752
6749
8516
1406
6688
5359
2549
7918
3113
1921
9302
4769
7192
8988
7981
3921
9483
907
2798
5807
4149
9384
9310
9834
5621
5008
323
9249
8165
1441
2211
4447
9207
9389
1382
1746
5032
5545
9709
466
536
7641
7272
9741
3061
567
485
7919
4044
9992
3783
1619
1178
9412
3479
8572
8126
3644
3034
8222
8419
6879
104
6709
5112
6191
6990
8368
8011
2022
7819
4142
5854
5632
7695
8427
1681
9778
1400
9776
5815
2906
1747
7605
2381
9067
641
6620
2083
5477
9074
2996
6075
7083
5835
1543
3225
2911
8545
1030
5757
2025
4773
5680
6389
7930
5446
4408
3369
8978
7578
5806
8575
8927
8363
6129
7774
6178
8157
9533
1482
2413
5521
4707
9460
1379
3557
9696
1849
6363
3108
7179
5127
562
5015
5770
1712
7968
627
9015
7825
3703
6994
2663
5469
1727
808
2521
820
4824
2992
9753
3195
6386
4135
7835
5821
6066
9409
5509
2095
1700
512
3136
8769
7995
1276
5543
530
8474
3105
3141
8829
883
6105
4461
1514
7880
1926
7509
8750
4176
4694
4355
5113
8514
7153
3259
7268
3886
126
5278
1640
2181
4776
7776
6704
135
8790
5573
72
1868
9557
1541
1436
9559
9697
2397
8609
7901
2894
2161
5389
9828
873
5285
6777
749
5578
3816
9225
5982
4137
8124
985
1454
8029
8709
390
824
2039
7368
7975
3166
3012
9644
1675
4093
3246
6861
3050
9763
8392
5303
6473
7644
5179
2110
2513
23
9969
2353
1379
6360
5174
9367
2218
8326
6918
965
9298
7025
3962
7366
6665
5382
4883
2859
8746
9877
7765
2067
5531
4929
4264
3459
7476
87
7783
7261
7068
4902
3735
2288
1118
8857
8373
6390
272
4043
1526
8170
9984
6413
7701
3426
246
7424
9518
8376
9719
1557
7162
3161
3663
6869
7686
3282
3930
5060
8350
3775
3746
4737
8921
666
9488
6599
8877
7010
6683
2060
6788
6235
7662
7458
821
3823
3878
4496
1239
9483
6729
3730
8093
5847
6974
2093
9834
6482
4246
7248
1525
5540
5042
1313
4508
3714
9639
3966
2941
349
5854
321
6411
9529
274
2017
2036
8746
5671
1001
3877
2361
6673
4174
2312
8505
4430
3673
1047
7262
5040
1952
4902
43
5772
2998
7193
4897
7766
1055
1534
197
3813
6033
9283
9569
5063
416
444
4288
1064
5936
2821
5399
3408
