1000 2500
1622
1437
1822
1977
1984
168
1322
2324
901
1801
263
2540
581
781
1848
1468
2648
2732
1776
1147
1969
898
786
1732
50
2789
578
77
90
761
369
1995
715
225
526
1443
2267
1193
2636
2380
853
1431
123
1706
2598
418
2399
2340
237
2088
1912
1912
2571
1051
630
220
1032
693
2107
1128
2725
477
44
1302
1416
1267
951
27
1852
148
1363
56
1251
1921
2261
299
1721
67
2609
987
1349
268
2056
224
2048
1348
1725
410
982
2563
503
1494
1890
1335
679
552
1789
1764
2099
1027
1967
2774
1535
2096
1721
2391
531
1040
321
512
2464
377
2575
2783
1300
1343
2390
2221
2361
2733
2172
19
1574
116
124
422
1048
1251
1717
2306
1363
2124
1400
1311
2332
969
792
718
457
437
1385
1046
2704
2796
742
1256
640
2010
904
2412
2327
632
1485
538
2610
199
1227
330
118
2498
2705
1888
1731
2343
584
2494
2562
2210
1478
1318
1421
113
1582
1044
1078
2374
1462
2382
2129
552
249
2132
2150
2647
1937
2001
106
1295
878
2687
2062
2254
2792
2026
87
1312
797
266
255
2070
759
1244
1933
2044
1831
2245
510
696
397
1601
330
2085
2391
1302
229
2026
2514
1529
978
486
353
2389
2372
2113
548
370
1404
2020
1249
2369
1339
2261
2159
2171
6
1691
1767
531
1160
734
1604
2255
2456
2035
438
1317
1874
210
2702
2225
901
2670
1339
2120
2667
1578
2584
1822
54
275
2482
1662
1042
206
1034
690
2628
1435
512
798
1588
1462
203
1858
1632
1135
1986
1892
1047
234
2118
1013
2525
744
1460
2386
1012
1426
963
2349
994
66
2059
1308
2365
2378
1343
1692
2341
2309
945
1741
614
1581
2120
1460
1231
1543
2763
1418
1991
825
836
2377
802
1287
1691
640
2521
2185
1695
1502
2481
1619
2158
1484
1681
1956
2335
1667
2113
2035
666
928
2677
1138
2555
1713
734
844
172
812
2375
2397
426
2007
2608
546
475
2306
2677
504
754
1625
1859
1359
1066
788
213
1963
2731
688
1714
2154
466
577
1506
1050
1530
2436
1877
765
1931
2472
2324
2547
78
1933
2273
317
2544
1719
2143
221
2774
2176
2066
965
2172
1133
2223
2717
2
1101
1587
1865
2298
37
873
522
548
79
1499
2578
1823
1530
164
651
1835
1168
2602
2133
439
137
2668
1738
1266
339
2028
333
1261
2154
2705
1179
1546
1321
1829
956
2343
163
2461
772
2745
2686
1891
418
935
203
51
363
2529
1047
200
2145
1521
2078
907
497
1510
740
1765
2431
2506
1913
968
2192
179
1515
1859
636
1577
2794
24
1050
2553
772
2249
480
1601
444
712
1606
402
68
2293
707
2498
1150
2526
138
2173
664
2586
2064
1565
1098
917
2437
707
1597
797
2273
243
2535
2245
964
1251
470
2020
1737
2045
102
1685
1678
2443
633
2264
1458
1041
171
624
1185
10
1166
2389
527
168
2326
853
275
2411
2717
1336
1228
1414
1626
310
692
818
1411
2154
2546
131
966
1851
2638
1622
2488
664
2711
2495
1200
2430
1609
867
2092
64
1364
1814
1750
748
689
1828
1053
320
984
1268
329
554
1915
1297
484
1453
2357
595
723
1474
2610
2411
2463
1743
733
2110
1867
733
901
594
590
585
1233
2569
954
1841
1340
1828
1893
2414
2785
2453
1997
1837
1031
1643
1898
2019
1324
598
2409
2137
1775
2225
509
2276
2126
1549
800
1977
2046
243
1524
1221
1059
2150
2762
1319
1706
1801
839
884
1570
154
2062
1600
2677
1284
2754
1408
608
1166
2163
1780
671
1546
845
688
521
912
948
1886
192
2380
595
827
1095
1725
2143
1709
1732
2530
2085
1064
2200
2462
103
2624
355
2374
1707
2273
593
2531
80
1635
1985
758
2590
1270
1550
2649
2416
971
22
2489
1751
1443
2282
2404
204
1359
1175
581
1016
2539
4
1045
1429
901
2547
1552
2726
321
2592
181
558
2666
1855
475
2313
2315
939
2186
1588
1140
225
675
1705
2201
2708
1632
2100
2431
2450
175
1089
1616
1199
1315
2554
2186
743
1993
2770
954
57
1192
2159
2704
1462
2573
64
1738
2488
1637
2154
215
1069
73
350
2317
363
1486
1638
2787
180
577
633
97
2038
93
2580
68
2556
969
2545
229
1283
2085
2159
2687
2529
724
519
598
356
1825
1643
1138
1473
354
671
1996
2203
862
174
2572
2236
969
2731
753
2233
382
1269
2324
1152
500
1172
99
2425
960
1797
2393
717
2419
820
1723
1243
601
1045
2290
2374
328
964
1228
309
2373
1018
308
1092
438
620
705
2295
1633
620
1990
1362
1913
2749
1965
403
1940
1032
2479
2120
1307
1513
643
2477
258
1141
2499
2404
1254
1750
2089
1939
343
1741
871
1862
1452
169
2291
1565
1916
1553
2314
1708
1100
1225
929
908
721
2393
1618
1262
623
1393
2400
1599
1656
2332
1152
2660
2442
2192
542
1497
296
1172
1791
656
43
1077
2246
2548
784
1282
426
2327
1267
2354
338
1916
1606
1535
2738
1797
914
1438
2688
1039
1835
2365
1809
971
363
8
1332
785
2752
1502
2628
18
1886
1164
1174
1953
44
2594
2492
2388
1197
1568
1838
297
1656
888
358
1500
2480
1053
467
2310
737
363
2514
876
2448
483
2793
1962
1725
2688
1066
2678
2683
1356
2521
2017
2425
1428
387
1017
1001
1741
1723
1917
731
1612
2220
366
96
611
89
888
220
1546
806
1691
2402
992
1941
1210
705
358
896
399
42
182
1055
146
2547
348
2244
1713
177
850
1982
1657
1030
1849
1236
1008
844
1890
127
1391
982
269
2232
485
1005
1409
277
2681
1361
1207
1104
2716
455
155
36
1646
989
327
2127
678
1961
2745
2452
514
1740
1278
1317
1352
651
816
2496
2672
176
143
1563
343
2416
1227
1883
2371
1333
2707
2462
1994
1786
871
1089
2360
2255
1620
790
1031
1593
615
2064
1013
2773
762
1912
2033
711
501
2681
398
925
1263
1099
2548
2788
168
1029
664
1121
1504
810
763
1645
1196
387
1
2247
2546
1933
2532
460
345
797
517
819
2707
50
491
2219
2585
258
1531
151
2138
1685
2246
1962
2302
1263
1601
482
2525
643
573
872
2156
2315
579
1631
1762
775
406
1360
2592
2321
2034
77
912
1468
2569
1806
2078
1717
321
2278
2318
25
1619
1882
1261
1620
1636
1123
780
1404
2734
2116
2126
255
349
301
1242
1306
1660
1656
2343
557
529
1306
1920
1657
1212
1663
2495
1594
2579
68
121
688
1356
94
2554
314
1495
1694
261
1265
1371
721
1122
50
2030
956
1553
656
108
1134
385
516
727
2771
2275
1194
656
777
900
690
272
921
2260
828
1225
758
1785
1940
1933
1880
2747
1616
2360
1498
192
2187
951
2162
639
2151
2490
2153
1462
652
2029
1878
72
2179
2130
858
1645
2594
2795
711
574
790
1344
1150
2761
178
197
1597
113
1055
982
2616
1503
1469
2678
524
1689
1085
2096
2107
1953
1117
918
324
1608
2577
1453
1773
13
2515
1768
290
2652
1424
1355
1269
2717
386
1181
883
920
1269
2267
2574
735
1387
2149
1948
2125
1970
686
578
626
1502
2464
1536
738
2448
1329
478
152
1999
910
315
1564
2098
291
144
623
903
1288
491
1727
2427
42
2287
2568
1198
2711
20
71
106
311
1589
1707
2094
1742
418
927
2491
1942
1841
122
1956
1826
2361
2285
2210
2750
1236
605
248
989
385
1095
2066
1472
2265
477
500
2251
2663
1536
240
1434
2569
1849
222
2333
1793
1603
475
655
2185
31
1986
1693
2347
1227
599
570
1750
2054
2221
1277
1733
281
274
1914
497
2012
1702
2429
716
290
2330
1755
799
191
1303
1935
346
2006
2379
803
1507
2477
406
42
1446
64
1256
2792
2233
1651
2101
834
1198
1847
2780
2461
2224
1605
2004
1818
1592
442
2007
1331
572
726
2601
1075
466
149
633
1595
2416
2490
566
640
905
657
140
1939
90
1670
1545
2282
2731
566
2345
185
2429
1641
68
930
2054
517
135
2791
1448
1369
70
1313
392
858
647
2706
1364
566
1082
81
369
690
687
2584
577
2203
1788
2349
2071
215
43
1486
2615
664
593
2355
881
636
1874
1070
1215
517
1502
1357
2256
2139
454
1175
172
2413
758
2261
2491
1190
2021
223
520
2472
347
2323
2729
284
2046
2541
281
1857
2793
396
1034
1991
2443
1818
2334
1518
1182
2266
425
1822
1844
200
1464
2590
1409
2769
1460
759
1873
45
713
43
2410
2413
1886
181
324
1247
1508
2639
769
2196
1329
1424
1583
1332
2307
1035
36
2163
1343
2113
2604
1837
2000
2447
190
1967
211
1698
184
5
2223
1939
2151
2408
2189
1328
1616
1468
640
1752
1379
1983
2
704
1915
767
1523
511
1275
43
2080
854
656
397
701
765
2210
1976
347
41
622
2594
603
66
1113
235
1838
1569
1130
1181
2661
1449
824
794
1776
2507
2408
1467
620
1534
1156
279
369
267
1686
1736
1786
1894
275
1560
1155
1473
1593
2112
390
512
2120
2417
2186
1471
1722
925
1481
1989
1111
1712
436
1491
935
982
1337
1905
21
1037
2552
2411
2291
1262
1800
2198
91
107
2131
1568
1956
640
2315
378
1073
1639
2026
128
186
1746
913
2425
2033
203
1289
1274
341
988
2475
798
49
181
1425
2539
1810
1820
2542
2391
1406
2315
589
311
1830
2305
2409
1681
1845
2596
992
58
2241
1044
2753
2095
2247
347
2337
1315
1197
1913
2146
1830
910
1881
2378
2742
866
1500
2304
982
2226
1182
1186
525
1309
2663
209
778
1088
961
842
1615
1819
318
1165
9
1040
972
1348
1286
875
1054
735
25
1712
1525
2642
1109
596
1723
1792
2406
942
876
938
1404
2676
1162
2058
876
1727
2238
1862
885
253
2411
160
543
811
2089
815
555
1695
2602
1751
277
849
2125
2029
1175
2595
2043
2363
678
1953
1133
139
1135
2111
314
2722
48
1962
2127
2753
2290
956
1065
974
229
1842
828
2435
1163
200
361
2186
118
2151
631
377
2474
1150
1247
2157
120
2392
1933
2778
230
1705
2768
1285
2350
1769
1177
1227
1094
2022
1955
1354
444
574
2066
2272
298
2307
370
373
1181
2138
133
1293
198
1377
1940
1322
409
1952
488
860
2747
2572
686
962
1636
1695
547
898
201
701
2446
1135
1198
2580
1767
626
276
2782
2225
1732
1768
363
374
2596
2339
1659
1854
2349
1914
2207
121
1421
1431
1463
2205
1199
2472
2362
1267
2075
2459
1392
36
123
1231
2643
1814
1398
2417
1788
702
41
1314
2064
159
1465
2755
1983
2638
2703
540
1040
254
1050
2725
2074
2616
1686
2550
1867
1396
1663
866
1928
1496
2272
1596
1926
340
967
1628
2558
2074
1375
2749
1920
466
272
2509
1776
2554
2152
62
1765
1094
303
2112
1863
1035
1458
1009
2276
2280
2143
270
166
1929
973
1552
652
2366
150
1271
1352
1938
1178
1571
2088
2647
1935
1132
1243
1078
2400
2770
553
611
2026
2133
1958
967
1499
1841
31
1510
1679
570
1268
906
1425
756
2671
336
75
749
519
134
1206
800
166
1750
360
2570
605
1389
1815
812
2557
627
1971
320
971
389
2455
1216
2241
584
1702
223
498
2518
1723
2150
1145
145
1545
580
2660
2362
1992
1454
230
114
2377
2240
35
2374
2062
1822
2336
2396
2512
223
710
2112
232
690
1693
2063
1208
444
297
2121
2635
1554
1312
279
2314
2576
2694
113
1595
2110
2194
2085
2793
2780
293
2521
1434
2077
1380
94
1871
734
1389
2457
1906
1524
140
1835
147
1708
80
1780
1286
357
1966
2443
648
2321
213
1683
660
1966
257
1029
2131
2506
1269
1711
81
2323
1132
193
826
123
347
227
332
2498
1508
1666
722
957
719
1220
2336
2099
35
506
2393
1947
1348
2296
2572
1811
1645
632
2669
1359
1214
922
343
1923
2317
2356
1737
755
2648
773
2640
1227
193
67
979
697
1330
670
1861
1375
1446
918
753
1214
1732
2528
315
91
1272
515
2394
1960
2281
2619
2179
2097
2165
616
2662
526
1607
1173
653
1774
860
645
302
2004
2360
1608
2736
1414
1910
1860
1544
484
960
2225
422
866
1881
2141
835
168
2759
659
2102
1456
734
2055
575
1788
1992
1300
782
569
2544
1571
2
1029
977
2611
2717
1573
1989
1071
1577
1604
952
729
37
87
1301
1426
11
1522
1214
1675
1201
651
2334
1399
885
1376
1940
1593
1440
1020
254
2532
1816
193
1152
1500
15
2328
476
1579
1315
1080
2214
592
1066
551
2788
1643
474
2005
1322
2383
2682
2107
856
1093
2453
936
768
1526
1942
831
1258
1194
1499
498
2051
985
2383
2564
2464
1342
1448
757
804
807
2637
2371
883
1838
853
289
609
1177
1693
2064
2193
1288
115
1155
1886
1587
917
2418
101
1557
2715
127
1120
1012
498
364
127
376
157
2393
2787
1921
2653
2544
1552
2733
896
2290
2285
2018
1056
122
2564
1725
1890
2284
2410
342
1006
1622
1892
617
832
2143
671
213
835
100
1786
194
2285
142
207
664
50
810
1049
2139
2414
1224
2589
2241
2497
1072
1144
1520
2112
2571
273
610
276
2323
1510
925
1015
499
1171
846
455
623
97
1134
1207
1725
937
2061
548
619
1851
2261
2526
353
1214
644
1380
648
2179
2445
39
187
2032
2333
1119
961
2697
1446
618
334
828
447
1682
955
2509
401
595
2717
453
1466
713
2400
1320
911
1597
43
1254
687
1735
2757
1023
1717
2371
1448
594
1751
262
2544
1468
316
282
2577
1479
976
2284
1075
854
1990
485
717
1886
872
710
325
643
215
688
2316
1435
388
1190
1025
1649
2274
1277
1754
1210
2469
1873
969
1000
1101
1722
457
1178
1859
356
615
411
2134
851
1825
394
737
961
2167
489
2020
2494
2101
259
2520
1799
234
1286
1370
702
808
604
2031
564
2034
2035
160
627
1892
1479
2141
2696
1044
2084
624
270
2628
1814
908
2295
2276
152
1210
1792
1589
831
310
1979
2065
936
2247
1394
1744
372
1589
1498
2354
2386
2699
