100 200
293
78
183
89
94
93
37
273
237
226
66
60
184
141
289
161
212
57
130
277
151
128
213
173
143
183
262
144
55
198
284
159
86
112
270
238
155
4
15
295
237
213
201
74
261
124
174
256
184
79
132
177
208
199
3
42
275
103
70
297
161
62
284
14
270
289
93
89
160
284
149
217
87
254
23
252
152
175
140
13
61
278
109
110
70
293
150
21
290
35
67
246
159
170
116
80
226
100
200
60
57
243
41
151
25
9
291
190
281
54
155
118
185
220
154
116
280
62
63
190
239
114
78
151
145
171
219
78
46
117
93
74
299
76
234
13
125
235
61
164
110
70
214
134
239
254
251
46
73
88
66
258
292
13
66
48
290
246
138
6
203
71
120
38
31
227
79
242
288
142
91
288
229
18
12
277
154
231
102
75
90
88
182
19
172
222
280
231
280
77
28
164
108
1
136
95
141
227
143
189
