5000 10000
13702
2916
1400
6207
13953
12967
11971
14752
2942
11770
11140
2287
9458
14484
6527
4573
8019
11217
4609
7146
5460
7220
42
759
11491
5714
13153
1302
9421
7993
10883
12858
9309
11118
204
354
11038
2161
13533
11500
9268
4562
2860
1487
927
11793
13220
8023
13794
1010
6805
4057
11856
14941
1329
563
4457
13763
387
12449
6827
111
14295
11665
9361
4881
12451
8141
12004
8822
12465
11213
8326
10287
2276
1638
11306
7887
4127
2248
4502
13043
13684
8747
8147
6746
3667
10973
9821
12043
4192
9344
3638
14011
1598
11021
10443
2122
8758
10577
4250
1081
7882
10770
12096
5324
11505
10192
10741
14436
8801
11288
13955
11828
12467
4415
3850
12006
11312
11194
3479
7781
241
8570
6052
7712
7625
13513
8341
1016
10093
2366
2396
2059
11442
8325
5366
4430
902
545
2200
5414
6099
13762
118
499
7980
3308
2140
14318
8557
6671
9552
4173
12663
4730
4994
14975
6966
12993
13872
166
8220
1059
12090
1764
13264
1679
7500
14360
10438
4625
1217
2424
11023
9677
12809
12856
4974
12757
10526
263
2512
14341
14031
872
7308
4916
2728
7516
2690
3265
12474
7524
9895
14960
12563
7729
11592
5401
2966
6224
14837
14241
4377
13779
329
991
5169
4171
9194
4955
10283
11920
9653
6629
2178
13215
13744
6927
13223
952
13819
5517
2539
8063
9808
14784
2926
9400
1202
11709
10602
11587
2455
6176
6565
7328
6868
5921
8860
723
2200
10488
4628
8139
1102
9199
14665
5216
11020
11235
6277
14504
6564
9514
7495
10196
12278
14059
7232
6280
10569
90
6647
12338
12909
1021
6953
7030
7693
2013
13037
13100
9934
5616
10646
14545
1666
7452
12484
6291
12171
6705
5370
4455
9284
8532
1646
5948
11702
3284
8272
9811
7783
10671
1504
14293
13466
5777
3741
13284
10909
7943
12051
13245
10042
13300
9977
7312
12629
6776
586
6744
2476
5059
9293
11339
6227
8043
4755
9874
6741
7828
5137
4022
5207
11350
268
4553
4170
5194
7647
2007
11272
4088
11909
5247
7938
12987
8235
10668
13289
6544
5277
7000
1462
4097
7506
10908
14995
8152
379
11737
3269
14596
14514
14911
2892
8665
11998
2615
6720
1866
14153
2458
9541
6831
10487
9893
11631
4138
8194
3170
11241
7865
10374
10592
8664
14665
14258
8826
2780
4785
7951
7921
6069
7427
744
3595
10740
12416
2741
10227
12113
70
9492
13816
5578
11624
11488
7958
10287
13506
1714
7710
6423
10078
2094
5888
13131
1372
1453
4123
1325
9625
8621
6606
14274
6247
4624
3186
14417
4049
2296
10002
7016
8360
10391
512
10196
14802
12152
7258
1555
1172
10417
5285
3895
11010
2706
11581
6683
7055
262
1393
665
13799
9834
6689
5562
4982
5963
4442
5018
13766
4750
12769
3901
914
2562
11297
765
9142
9716
8437
7630
10316
10123
2511
387
10965
2926
5917
915
11001
11496
11755
11591
313
8673
10452
14102
3207
14881
10151
12477
6413
7738
3688
14927
2620
2942
2080
557
13175
11626
4523
5077
5760
9021
12882
4579
5479
3068
9682
2958
914
9719
12549
11883
5238
3936
9988
2249
11553
1871
3273
7731
11091
10474
12102
14572
12925
5685
7494
11850
14250
4493
14215
8397
1237
9601
11796
1145
11818
12936
7933
9983
3629
11112
787
1282
2649
11975
7366
5981
865
11590
8828
3635
14542
519
5155
11016
8423
6904
1232
12781
5339
1806
13933
7352
10426
4335
307
8535
9227
10478
10483
7460
14585
10092
5359
216
3312
11281
8556
14103
5103
10429
9536
9622
8265
4303
10137
1270
9200
3162
120
2940
10606
5392
8615
13026
1734
5100
12647
5520
2927
9178
11133
1162
6042
9676
12984
7274
7115
10819
6100
1190
3000
7801
210
5119
9391
6400
607
5058
13928
8712
6944
7722
9716
625
1261
2651
6820
1362
7492
11474
1868
9206
10659
7923
14041
10602
2912
5437
4262
2112
10528
9271
13465
1204
887
6709
10312
7552
11239
12453
13704
1490
2029
11434
894
384
11225
3172
7884
12103
2970
5416
225
12315
13540
5149
4134
4189
373
2049
10205
5075
10537
8288
14743
23
13728
4044
7048
11436
1438
10254
9647
7854
13564
14139
7738
2768
6273
13570
8689
6498
5431
13794
7645
10489
13444
4068
10842
13957
13784
12541
14329
12601
11903
281
2316
8082
13653
4505
1376
191
7695
12121
4238
11077
11683
2260
14784
12551
3365
5931
4349
8347
1960
7030
8254
8339
12463
6739
10879
5992
5702
2914
7397
13900
5159
7331
5555
9950
2729
6622
6703
3687
14697
2455
11412
13587
1288
12926
11811
6395
8209
5261
14851
9251
1642
9801
13396
4251
14093
11813
10116
13064
2519
956
12722
6577
12011
3264
3137
5993
8311
7231
12689
7551
10186
4030
10406
12961
13625
7080
11909
6808
3554
8060
2342
5541
5575
5081
13140
5285
4973
9035
14299
7489
12919
1222
1120
12469
515
14084
7186
6177
9933
12391
13622
14938
13563
14376
8345
11662
11618
1322
13285
9855
1238
9641
2156
8957
10638
6928
6524
823
359
7502
3521
2750
10082
8759
4583
7236
13987
12178
1191
12623
4946
7043
10541
7053
3253
5910
1590
533
8941
8515
9829
6619
7981
5194
2594
1079
2004
2021
5557
14959
3367
7671
432
8861
7632
11584
8723
3686
3691
9250
1650
5914
2909
3427
2112
12423
12807
4818
827
6035
12842
12134
5422
8409
9934
9614
8458
11502
9401
14950
12965
12659
12952
7115
7214
6482
4342
1905
13958
3866
10238
3023
3485
10141
8726
3243
9247
14921
5766
8687
14910
6245
732
4365
2001
721
5974
6063
3326
4767
2134
12254
3696
4648
5641
10030
6296
14787
7584
1099
10446
14898
3778
2678
4190
11713
9541
8564
13487
538
9265
12885
8462
592
5495
12956
6365
5946
14746
3292
5587
11039
12841
5208
160
6061
11017
10491
9823
13081
532
13436
1773
8563
12906
13054
1742
1910
10370
6502
4117
7903
11394
10698
13202
8345
9583
11821
10746
14834
10467
6712
8217
5537
10018
6361
1235
13842
10955
9462
7870
1165
3115
13559
2386
4631
2343
7590
11251
8181
13499
2616
14044
2561
12305
12205
3055
10863
7829
387
7109
11701
12462
8210
12312
1709
14272
4825
5016
2890
7599
5549
10415
3449
1720
12704
8787
7951
9347
10014
10369
9208
1616
13079
9424
9988
4073
6915
12979
2580
14033
11693
5222
3391
13469
9721
4371
13165
8347
5311
5309
955
5103
4507
3052
1826
2639
8680
4464
9286
13893
14796
8445
3700
14705
591
8027
12372
14298
5146
6573
747
11286
4248
9465
6980
1681
5547
12316
4355
879
10922
6885
2289
10109
2499
11461
7279
14278
14591
13577
4898
7589
1338
14428
7951
5688
9038
6372
14127
3473
8158
2405
13924
11043
12621
14389
11245
1537
13424
288
9994
3917
9685
14476
5039
5983
3104
4628
256
3106
1315
8400
4879
6349
11915
8523
12144
14805
1912
594
6173
6084
12034
9116
14223
10960
1804
4034
1869
13278
4345
7159
3246
14184
9843
10526
7400
5797
8069
11808
9778
3354
8724
499
240
6810
8378
7598
407
2767
4466
11069
8951
5472
316
9258
3296
1463
10298
14979
5398
1236
1126
3829
7648
13095
3893
11688
7506
4064
11820
3249
1314
5474
5669
676
8743
6510
2590
14338
4607
2634
9636
5790
14202
7441
379
6887
7077
6074
11979
8171
1959
5880
727
9247
2793
520
11370
9075
7085
7219
14719
14650
8388
13334
8697
12652
4492
12800
10625
153
11914
5461
7695
7489
5488
12617
8567
3906
14274
5498
6687
14466
6713
4616
5320
193
13754
2294
5392
2257
3849
7855
10066
5391
12952
177
9529
508
1259
10525
10710
11823
11105
14686
4674
9513
12458
7557
9080
10158
8611
441
9581
13957
5066
1327
12112
4807
9268
6493
7941
7013
2645
7705
4862
5490
9499
3316
11287
9860
4576
8435
9923
11920
12606
14270
14518
446
3883
4603
11597
12270
4819
3187
14239
14029
11634
14675
6911
4874
13659
8436
8905
6827
353
14375
14311
11329
12931
12593
8471
7811
12566
14362
9630
7950
12311
586
10006
7485
9414
10494
2662
6244
13372
2935
4511
11170
12945
10145
6445
6849
12523
14458
8868
13138
4532
11829
82
5115
10173
12576
678
11627
5533
14140
4688
5261
4124
3059
12409
8561
5118
13728
5815
3798
8989
9862
116
1532
3909
837
14431
11640
12151
4424
5644
9340
10820
9622
7307
8103
5541
13515
10084
11175
14287
14274
1384
8704
11266
3554
4905
13218
12739
5662
10476
12463
7864
12963
992
10245
13014
2014
11400
3139
12710
2986
14563
3531
14079
5880
5350
2562
9859
11041
12669
115
12242
13364
9129
13030
1334
9520
14740
12231
7730
5377
9575
4426
13663
1620
10402
4479
11301
4404
8259
498
174
4607
2519
10008
8291
14038
2303
7489
3322
9619
8191
10826
6241
7271
5908
12052
97
10876
4148
5986
11017
13282
10934
9116
12267
5932
1780
5252
5065
11236
13614
9164
1997
7324
5747
4524
5209
3324
13248
8086
7114
4751
3909
3107
11144
13043
12466
11547
14054
652
5004
6598
4528
13477
7397
14554
258
5793
9331
7993
12316
4043
4839
5658
11549
5256
11368
3279
11753
7984
2266
8966
8777
13928
2063
11598
13165
6585
5260
911
1739
14374
2245
13790
463
9859
10715
7444
2161
8716
12386
11858
12991
2205
7894
1105
6288
14876
7675
10672
11158
278
8185
1132
11322
6333
6098
11979
11955
14074
13147
3566
13767
8215
1028
9516
9314
5978
14177
2013
1441
11413
3500
7783
7914
6243
898
3511
14694
25
8169
804
7870
7201
4100
7685
11099
1289
640
902
6437
12141
7836
11114
6650
10873
7646
1331
11644
3649
3992
12606
10238
10124
299
304
6503
4873
1442
13800
6944
10668
4352
7719
1194
5977
616
13300
9412
5467
10219
4671
14388
11780
8071
11245
5340
9215
14193
9521
8601
5310
4418
31
7860
14688
1087
3109
3232
790
7666
10591
14341
10422
12259
9411
7693
3286
2864
2438
12883
13834
11750
1693
5783
11027
7588
4386
14536
2668
1973
12972
1198
5129
6647
1645
3026
6375
4193
8361
2842
10223
3073
13723
12497
7811
2753
10568
12334
13247
1257
1317
7574
14358
752
13649
4870
11379
11800
9112
8742
1358
8661
3801
3331
13862
6436
10203
9853
4462
1074
4752
4299
6229
10098
1546
3256
11282
556
9071
13385
9157
10992
3627
11846
11456
1328
5442
1011
7962
3248
11300
1065
12997
4226
718
13551
12464
490
6451
12604
1560
3160
14314
3506
736
12431
11940
10374
2976
7041
11248
11064
13967
10312
5002
12982
8201
4890
13878
13261
13455
786
7036
10768
3528
10581
6163
5594
14444
1591
10464
9172
7689
12461
12986
14760
10340
1085
7105
3954
6231
1773
5867
14936
14522
2510
11233
12548
7271
2633
10103
8715
10760
2538
4263
4582
11508
10
12171
12639
11976
12480
1741
13324
8111
10916
4919
5967
10855
9213
12085
8613
6860
7788
1887
10059
14541
6685
5239
513
653
6762
5792
4577
14424
7581
13194
6750
11253
7317
10002
5348
759
3494
8050
696
14900
13490
10543
2593
604
680
2051
5423
13154
10641
9959
1883
1351
7253
7784
8110
8092
469
13081
9006
809
11397
10467
2837
4725
5751
3511
13622
8617
13941
3018
8528
2276
5031
13375
385
7464
2381
3330
2580
14657
1190
12674
4898
6367
12200
6943
14459
14297
11652
8259
10698
7008
5064
12043
12281
12173
11661
11271
12137
7869
2237
2474
14157
10675
861
584
1822
9668
312
3185
4840
4670
7130
13560
5028
4335
10090
11323
6931
14892
10401
4201
2223
8526
8198
14871
14698
6521
12915
12455
4607
11429
14782
14542
12264
14581
6138
7296
11331
10346
4387
13347
1692
6525
8288
14835
785
11305
5823
2029
258
6117
5214
6554
7102
10694
653
2286
14935
1511
6058
1450
6810
7668
13601
8488
5857
4106
8947
14665
4245
10822
12008
2297
4290
13593
5658
13901
3158
6370
139
8379
14407
8281
7977
3677
5653
8840
7961
13165
6872
8585
7227
1235
3362
4022
7717
7305
1014
10305
7158
1676
4509
2659
5387
11288
11131
8054
4187
3598
9268
7146
2877
7380
11197
2963
2692
5323
14569
12213
10528
4838
980
12536
6817
5508
13236
14347
8286
4061
5379
14268
9020
711
1146
8458
12610
4135
7485
13406
14318
6198
9762
14011
4982
6936
14655
8966
7946
10080
5254
11651
6579
4736
10619
10889
2889
14557
9041
5036
2480
1990
399
9940
7516
6859
3463
6401
7463
5739
13569
736
12274
6160
14960
3083
14260
12820
10145
12019
8142
6555
5910
11003
3850
10801
12100
12042
8336
14884
5033
9865
6118
13335
7316
10694
3464
10978
10015
8547
7994
4372
1483
8728
9097
6623
9753
12953
4889
14396
12224
3227
8472
8310
12369
2302
34
641
13478
7160
1798
7579
13898
8613
48
1945
6909
14667
2363
6507
11310
7880
13839
7702
10880
12434
3437
14658
2252
10174
5670
4079
1265
6275
3646
2551
7681
4681
11975
4431
7116
5808
2319
10445
7272
4415
5277
9607
12985
3833
14997
28
11271
4103
7288
12577
13405
5784
13088
272
1183
13488
12038
558
13817
3380
10361
7561
446
2048
3614
1574
981
347
12767
3873
9
14867
11856
1153
14619
6827
1789
10572
7449
3184
3104
8556
5863
12851
5282
9142
12035
11816
6817
760
11730
14991
13534
13890
6901
4506
12678
1103
8700
9067
11993
462
3209
6895
1511
13289
12147
527
891
12692
4976
5653
12093
185
2157
12870
10718
9133
6962
5985
14727
10573
10012
3249
6273
4291
6757
8523
11133
5835
13369
3087
10745
13396
10986
350
4021
7199
11905
10378
5046
3261
4283
13647
8425
3029
13958
3997
1357
10533
3422
9214
10644
4311
13450
4174
3603
7403
7776
5855
9370
10281
10099
1982
6331
13570
5995
10377
7356
9879
9723
4473
7183
12044
7553
11707
5700
13457
5145
10827
11956
10060
11581
6350
11600
7929
1977
8633
14943
5191
9117
11213
14153
2298
7322
8181
1032
10460
13701
8520
6554
4238
8165
1377
4768
11005
13938
11321
1771
12165
14969
5659
10362
13603
459
6846
7547
5995
9783
12034
5332
9133
13412
3688
5315
13493
1848
5105
9263
1750
10402
7576
11355
2931
7517
1701
7904
7368
3511
9224
2309
1462
14997
13506
11543
2733
2826
11498
860
2406
13190
7780
10401
5154
12605
6919
6197
8381
2665
4056
8495
1701
3
213
12583
5963
535
13438
6185
5430
14981
9441
3127
1295
9779
10868
380
9937
13850
12931
4594
9854
2260
14467
105
7313
7537
8016
7850
2291
13493
4855
13904
13282
4535
6316
12277
7022
931
6034
14291
2123
2156
4083
6247
4035
6281
8239
8202
2633
13498
14826
14491
13050
11162
1846
1190
10241
1278
230
1972
3015
4092
5235
6798
4042
13432
4109
12573
3579
614
3213
1345
1323
9142
2896
9718
8002
2067
1374
13080
10904
7676
9906
14739
10683
2296
514
13426
5329
11216
14371
2606
1223
5310
13979
1768
5729
11552
1
8336
10723
5684
14560
4008
1916
4315
6553
1190
9750
7221
1305
8861
4009
13134
6673
2477
1146
9148
5372
4582
658
9891
3988
11585
9609
12888
7810
12608
7671
10948
12202
13541
3764
1175
846
3333
4605
3024
13699
225
95
10032
8104
2954
10624
1110
14885
1050
1995
12916
2830
14144
14691
4578
4278
2723
805
19
12028
6982
3894
11390
13082
1407
14564
9537
8103
364
7473
14053
1756
14375
8892
6419
3400
2871
2847
9724
4796
2018
13176
2871
1752
5801
13711
622
9763
14763
14025
8642
4905
14824
14002
9641
10273
13275
6643
2889
5453
5487
5295
4833
1455
13999
3572
3111
6641
6516
8940
5135
5134
915
13988
10472
8160
8663
3002
13523
5715
8071
10485
4508
5819
517
2796
12473
11531
1247
9009
14001
11686
1532
7600
5395
10143
829
1418
9574
109
11223
4837
1429
9836
6751
8802
12239
3694
7240
1789
9778
3316
10075
2543
5970
2148
8789
13648
8450
8347
4557
13758
11042
587
621
481
6088
13824
5291
5594
3692
7687
11540
4385
4270
8534
10274
1524
1361
2802
168
6924
1453
3590
9468
6615
6549
14906
14393
5632
3439
8302
14713
12416
1066
5008
14768
2158
9035
12958
12576
4930
6196
12370
772
3346
3300
5786
971
3820
3067
8700
2680
5322
9528
10068
4144
14825
6230
3139
510
9388
14888
11174
9376
6032
2255
14703
239
2289
8344
7001
12459
7449
8840
12533
6264
2149
13280
14058
2828
2082
3741
3074
7838
5150
980
209
7899
417
1519
12054
10911
1755
9852
3804
4986
4016
4912
12902
634
10031
4068
12708
7867
2647
11332
6945
8447
2382
13997
5462
8840
3141
3789
14527
11505
10757
9613
5572
870
1898
9245
9920
10878
9137
11757
3693
8152
11738
11199
1637
8757
852
4912
11175
12197
2525
2012
13530
13616
7049
13901
2233
9263
8740
14253
10788
11071
1371
5652
738
3734
955
4116
13698
6861
4635
929
1371
780
6870
3633
818
12204
2091
4699
3634
5390
11368
2279
1889
10479
9564
12511
5969
8621
8751
12183
4659
7929
3524
9067
5979
5649
14104
10018
8441
4890
3913
13863
11498
3952
9474
7320
6062
12721
2275
7573
11001
13744
14276
9773
9554
5433
1501
11556
5610
1467
8139
4743
13717
13699
2246
11668
13680
949
8101
78
5422
2744
14828
6250
7727
10565
5850
5954
10274
4300
14172
11964
2173
13491
14444
5303
7016
1614
14093
14877
4173
11884
12685
7087
8772
207
6001
7934
8510
14589
14087
10454
14031
859
5805
4743
11311
11707
11125
11551
13967
28
6611
13299
6071
3110
14193
8523
6477
11675
13484
2073
4234
1748
3451
8971
1063
3207
10370
14600
6340
11341
5505
2903
2417
1994
12953
7484
3460
11792
600
2948
9343
2694
5035
10454
2436
4398
14747
2363
9373
14332
9721
10896
12165
7729
4995
5119
13210
4857
10490
3991
6919
3735
4747
1075
11868
14641
10948
8375
6450
2438
9835
3036
13119
9136
822
975
11378
7291
4769
11207
2635
4648
4511
13405
1115
12053
7346
14339
8923
14948
2241
6108
10292
13752
13563
5570
4961
194
12650
10102
3483
102
13503
9757
13107
3341
14338
10026
6670
8432
12634
2824
3703
3070
2714
5856
12738
12006
11715
12393
6446
5879
2181
4463
6969
8277
7217
2742
2443
3852
7483
10905
12294
12462
2974
5844
8537
13295
11754
3111
12791
8491
12470
4040
4296
8221
12595
12351
7689
3190
4967
3608
764
1375
11233
662
1851
3283
7388
7252
13877
4293
8554
10101
12510
8549
7659
2311
9136
6588
5604
12525
10728
13232
13924
10176
7918
13434
4826
2243
4845
11532
12835
6242
9554
3972
12121
7741
11895
6780
8830
3373
2032
7081
13531
2359
11758
12626
108
10694
7956
14757
9101
12568
12518
8337
5707
3222
11132
12045
10226
6271
14296
9041
6893
11609
2887
1240
560
2256
7540
10512
14775
10040
1013
6830
14265
5718
10523
6822
14845
4044
2950
6397
9192
8504
4542
12969
7860
3761
3567
6426
11269
11468
4076
13312
10266
6934
1679
5755
5186
107
7875
396
1088
14660
13164
13117
10164
3365
757
2513
969
1668
7299
4000
3377
9272
14576
2099
7798
6657
1686
5775
2328
9805
5644
10787
12108
1975
14896
8830
6248
1134
14560
720
4173
660
14699
5148
10315
9152
13237
10456
8488
7617
3490
9563
10263
3943
2585
12568
5080
10477
11300
12654
8676
5584
13122
3756
5812
14389
10504
12984
8043
12444
9499
2084
2628
8791
10094
10164
9364
1873
3675
14668
3420
12932
6144
8939
8882
1934
10265
12911
14943
5675
8836
13280
4236
11594
6277
1121
977
13848
10171
8176
10103
503
1258
13099
12651
7187
226
5614
12135
13281
12573
10059
1631
1632
8589
9934
1750
1965
14343
1925
585
11512
1346
1558
13076
4001
7250
12895
9133
4904
7721
11773
12128
11962
237
10830
7195
5165
14263
5058
2005
9868
13837
13814
11428
5456
8194
9157
6676
9768
8626
5988
4189
11747
275
6872
4662
999
6046
3469
3203
8604
11331
7278
7678
13253
12592
14984
3871
5775
10306
12838
3028
3382
7127
5526
9904
12353
5439
7626
7326
14554
14788
5127
11709
14053
13972
5624
2857
10206
9762
13606
722
2863
14493
6808
11606
3914
7907
866
6607
7112
4775
12487
10809
99
8974
6074
13029
13728
6746
113
12538
14213
6923
12841
1399
8206
13964
1520
3666
9815
5576
1211
804
1571
708
12317
1247
13678
10610
11059
11051
7364
10549
3894
2132
13848
2634
10258
14494
10428
1056
13246
14376
14281
4838
9670
11089
3007
9959
4606
1739
8486
2473
827
14864
2465
11935
10572
11347
13311
148
885
13727
13616
8859
14213
8326
7785
11695
13182
3301
7482
157
12363
9947
647
6100
507
14222
6965
8618
14064
5619
3997
1736
1898
11081
13743
10807
1879
7763
9192
9906
2583
9939
9406
14925
7533
12395
4911
12440
10382
110
12600
7757
7108
11960
6014
11832
677
9630
12721
6067
4742
11740
5641
1174
10774
12617
9434
1570
2558
4889
6650
4882
8265
10429
1027
12345
8285
14892
7345
14952
1712
7327
8406
7316
10784
3041
110
11257
10751
10064
235
14161
7445
12179
373
3108
11469
4585
8508
4789
6171
6842
7049
3100
6606
1779
7580
11237
3409
13541
9352
12974
13969
7953
3434
13620
3454
13787
8642
14997
10119
4476
3703
503
12974
6150
12706
11103
5165
9768
7746
5804
8493
12408
8622
5788
8286
569
9782
5126
13263
1610
14108
12514
7287
13169
11866
8112
3788
9588
11017
2118
14302
14049
2245
12202
14914
256
3364
455
8472
3085
8357
11926
6242
8718
11060
6297
189
6279
7514
6587
1292
37
9230
4209
10254
8687
7029
12961
9669
6181
6792
5920
1032
1979
9331
3394
11170
12489
11671
12416
10433
9810
1342
8396
14551
13691
8840
2769
8345
2950
6128
11631
12433
3304
6041
14428
3807
9835
13627
3901
2540
8961
10886
8493
5059
11998
961
11501
9255
4979
1706
12188
8282
12538
1611
8079
13199
2218
3316
14562
14623
9582
6500
12847
288
4062
7597
10137
3853
406
8743
6796
505
1050
7546
4007
6734
10665
12587
7252
5334
489
12195
5650
1950
11907
10847
14922
1579
1100
3550
12421
12180
14295
13834
1292
3028
6502
10457
2498
12659
10246
6569
2976
10180
10098
13048
5758
4316
3389
14801
3440
12003
7669
10163
9840
7321
1061
14130
6159
12429
7732
901
2392
4649
2235
5217
2127
8061
13481
10210
4236
3982
1601
11905
3311
12294
13855
7166
11964
50
4210
2761
2444
14834
10052
3329
12195
13240
3867
10293
8252
9308
2542
7356
8501
9087
2219
5916
9011
445
2396
10742
5744
1945
14207
7402
6037
11040
14475
3371
5314
4979
9331
14363
7488
7661
3804
6252
8528
2273
11890
1045
11604
12816
10177
7617
14172
2670
2153
4444
12240
49
9807
7262
14938
13677
14133
4543
3335
12174
11580
2804
1259
2522
4398
2180
7660
1618
9224
10233
14764
5206
104
13833
9006
5577
14438
4935
12396
8136
3183
6350
636
12466
9812
3072
10875
10690
1376
8393
6656
4865
9075
11974
10060
5786
5531
9131
11674
7923
10992
1957
7427
9308
6361
8463
7841
5958
11971
10697
14656
2979
2596
1785
12181
13680
6173
91
6100
4012
1199
1089
804
7299
10700
4228
2589
13636
14099
2920
10385
9427
7166
895
2863
5337
4612
12462
1036
10549
9695
7758
3595
12394
10480
11796
8418
13475
8184
8127
7761
3070
14229
4079
6752
11026
4355
4951
14864
523
5261
14203
3053
10889
1934
10448
5236
8296
6871
5197
1760
388
10997
7528
9433
10972
10129
3385
7583
2600
10300
12902
12467
8318
299
9112
13231
4064
10148
537
1356
38
10233
8529
12361
3024
2114
2849
3252
6940
3934
737
6883
10933
5666
5806
10149
8142
12195
3312
11493
8678
5513
7819
4896
7625
1036
2986
2052
12745
12217
1087
7025
12244
7331
2008
13175
5285
2398
12804
648
7030
14847
14475
9175
10793
8577
2367
391
2368
7597
5648
11193
5878
2469
14487
5150
6401
11208
11029
7179
12322
14285
1880
13127
4745
11741
746
64
7404
4357
9896
5421
3347
5127
3492
13257
9199
12129
9292
4151
14091
14173
3077
11339
8319
1347
1999
14867
1483
3820
9350
12565
6312
8975
8575
11748
7495
4055
4021
13557
4681
9184
14728
7817
441
3720
5668
10305
2232
2434
3061
1189
2428
7091
6955
13342
2238
3482
4944
12083
3762
3946
5824
3723
4604
10870
6177
9111
1378
12550
11214
5166
7017
14200
8822
7059
7142
13732
12559
1499
12798
9249
378
7197
10607
2994
11107
2254
1902
9739
5187
9831
4571
1334
4836
8051
5302
3325
6741
2612
5522
4219
2487
6145
6710
13097
13267
11831
4818
1887
11003
10230
14354
9667
2765
7727
174
12916
4387
12408
4270
7638
12390
13506
5813
1741
5770
3920
10333
9027
10836
6622
3371
4548
13208
8
9986
14938
6114
14517
9377
11747
13490
8048
8383
550
4892
857
3924
13932
1976
1815
7408
7226
13284
11972
8842
7027
5253
13487
14793
14311
2755
7032
7500
11051
2137
8789
12290
6910
8528
14176
2029
10684
2281
9367
619
14715
6663
13614
12606
14563
5439
292
2651
5701
14689
2421
7100
14001
3144
4285
50
2216
9471
9548
8190
547
8346
3065
7325
10818
9682
13283
13788
10590
12269
4916
11024
5880
14050
2145
363
3935
11529
6358
516
789
292
3978
12491
2012
12276
4538
5590
4299
13354
1739
745
191
11905
10710
14837
8337
404
3208
3736
12353
7601
3939
12513
7333
13682
10635
13925
9676
9740
7877
364
7864
11163
65
10519
14286
11948
12248
9626
6197
3623
8826
1557
12253
8309
4419
7159
5012
10575
13447
11019
14070
2037
5152
8430
9385
11175
3984
10556
9583
13611
6439
8816
5827
5033
4505
9169
3033
10164
13020
8439
6939
1562
3238
7935
2655
11652
2967
4490
8003
282
14615
10615
8015
3074
1440
8771
5549
13218
4222
14747
12018
5777
507
1916
6723
4314
11383
1536
8273
4629
1636
9485
7005
14475
12901
6664
13239
1563
11226
8940
7586
9704
5170
12835
11356
4805
3312
10165
12476
13412
5681
8660
5067
6776
2304
11037
9123
7870
8652
7209
10440
7481
7381
13245
140
8404
8286
1332
7811
8879
8928
2320
7406
12771
11899
1580
10629
14541
6104
9593
3644
11848
13919
6324
14444
12603
13450
2556
243
11542
10492
12402
11722
13792
3128
13823
13913
4577
3203
13393
6909
10076
3183
7672
13468
14555
4154
11346
14946
8177
5929
6870
11793
8449
13388
11576
149
11010
4358
1257
6817
2421
3421
3839
1152
3807
13157
3298
4034
14629
9351
11994
1343
5449
9737
4563
11893
2420
6832
12989
7971
9301
4380
10863
10114
51
13857
9762
11867
1566
2368
7498
14726
1867
1150
6380
13450
8929
14735
9822
7407
9557
9611
12536
4467
11036
7997
13120
10415
5914
7110
13223
8635
7069
1982
4477
7182
11236
10580
8171
3135
4452
3638
8125
12368
7283
13193
4406
11624
1468
8447
4479
13948
12429
10092
14000
3218
9304
4786
1825
8627
10428
14929
7880
600
12815
10392
3370
10643
8926
8218
5241
9231
13022
8786
6133
7783
12640
2227
1952
13301
13125
2265
6874
7147
14846
5926
14
2888
8570
11859
9040
1984
9580
7228
13917
483
424
8359
13434
9655
705
3513
8493
13843
10105
2275
9081
4528
2747
10195
11587
10826
2244
14381
14493
8373
2154
10816
3668
659
1187
12176
13309
4551
1375
10921
174
9821
439
6414
7022
6068
1915
1704
11232
14470
3057
10559
6254
11300
11271
3171
2049
107
9789
4785
10797
4943
12395
334
11091
7884
466
4906
2388
501
3089
9642
1878
787
2934
10334
7919
4366
6484
6701
2990
1576
2565
13966
9575
10310
2518
4965
14619
13200
4097
5589
7079
1929
4032
8957
3766
1114
6357
9197
1033
4363
9929
4218
13902
10661
14129
3337
72
5350
6516
6
13717
1492
5202
12344
8271
4407
11942
9481
13264
4663
14362
104
13055
2720
12392
5878
4600
11878
4883
11690
12543
5026
2426
1907
7773
47
11757
7033
5060
3577
623
13382
11732
3080
9731
4445
2283
7954
5433
1826
8508
11635
12882
668
11228
8335
9891
14537
7742
10219
1310
7786
9044
3482
2577
9379
12423
14835
9177
11134
13326
3543
6006
10276
411
8130
7156
1067
9431
11448
12326
13169
5072
2694
11044
10226
9977
5485
9982
10929
2156
1967
12081
1656
529
9328
13750
14454
3706
6932
3240
11898
9152
9623
14302
10987
13629
10523
4529
11945
1327
9899
7183
14351
13250
436
9071
2653
10410
3382
9874
5640
13935
9774
496
10005
2642
11015
9331
1583
7642
3715
911
9336
14376
4760
11157
11591
9968
9127
7502
6390
8036
4950
5309
8238
4047
12825
9509
11832
6971
14301
11986
9651
2378
12892
11133
9595
8224
9848
114
1076
12436
11257
4629
8162
881
7891
14565
11608
10646
9461
6630
12675
1493
10752
12027
5835
3053
13287
4471
14484
6783
7896
4160
3878
14798
10706
8038
8502
7596
12730
457
7094
4228
11295
1427
7496
1808
146
11956
426
1220
14093
12425
11182
7662
3589
5703
6141
8083
14548
11624
11741
7752
4253
3619
2472
106
11
1645
1131
12593
13670
13173
4380
6598
6945
795
9315
1538
4775
6025
7468
2026
1804
4165
11284
12453
10251
14514
9760
553
11229
8938
9476
10416
5711
14679
14860
1114
1042
14455
1984
9363
9022
3187
13736
3832
12168
1302
658
9419
5843
4323
6118
7376
482
2436
11990
6382
5161
1973
6256
5613
1191
8168
2381
3551
7415
5210
11549
5620
12258
5473
8172
4893
1492
9918
6268
2918
14995
5953
14572
2238
5657
12587
1388
3504
13786
10448
11330
2983
6242
11200
10266
6032
10622
12102
6788
13512
11635
6840
13662
11215
13873
8376
10683
2308
7881
8442
1357
9309
4488
11314
14824
5448
10960
1831
1340
5255
11551
4083
4501
975
9550
12947
11353
9826
2887
5551
7255
7342
822
8920
6244
3861
5128
3448
9393
9899
10589
14379
3400
6431
1458
375
9345
13141
7866
14171
7257
6534
13938
696
750
10173
2642
12368
2620
1642
1115
10084
11887
9618
4421
6235
5297
203
330
3257
1832
8921
2861
12549
2294
13934
2939
14162
2432
1782
545
2423
7565
9496
14343
11674
14016
6154
11699
9542
13063
2887
4543
7531
6417
13053
4434
5460
8584
3645
13626
7084
5697
123
7788
9359
7664
14705
5397
2114
10706
7671
8657
3426
5502
12497
11050
13739
12325
8662
2408
8746
8684
615
13612
2213
2027
12849
9732
5373
10176
9165
2543
4105
10121
9038
11053
13960
11851
5623
1706
6185
7810
13182
8546
134
5539
1782
12640
13999
5921
13781
9576
1478
7346
155
13808
11937
11932
14793
14112
10811
3739
11887
10254
10310
5685
5027
2433
8140
1644
7060
11860
3722
7862
1731
13169
12448
3553
6931
2144
13752
4158
4843
511
13227
2384
6491
8252
2743
1706
2111
3115
5387
4588
4398
11619
4195
3180
4058
6047
9971
3763
1148
12445
9075
2658
1502
5788
11805
10746
10054
9945
6042
6145
12087
12141
3999
9960
9400
9046
7384
8353
11063
9581
2943
481
7817
2965
1178
11125
10250
9354
6209
14090
8777
4853
13965
7621
12924
12401
4506
6317
8739
10440
6961
10131
11084
6896
12585
178
2329
2364
7578
8143
307
7966
12761
11161
1619
5607
11787
2035
6161
906
8439
5662
5359
12249
6602
6509
14899
12936
13806
13880
7736
2441
704
11643
4889
2322
4590
11932
5027
7295
14992
13181
8981
7400
8529
1660
7198
13140
3586
2425
6821
11839
7975
389
5328
5298
9548
4860
4775
6180
5750
1641
14414
3329
8370
5382
4956
9461
9197
1526
14930
3440
5987
6742
3569
13499
6044
9334
10192
2464
1849
6585
12528
11132
9503
9550
403
11618
1334
12199
12067
3470
13752
11310
7948
1965
10519
5855
807
4975
4698
10022
7291
12246
10106
2342
13493
8930
9674
4670
6547
8559
13996
14092
10379
14598
8486
8024
6588
4013
6826
12992
10942
11126
11939
5784
2261
5338
8476
11770
8438
12016
2760
4358
14058
2110
7321
1566
471
12717
7570
10823
7341
8027
2768
11070
9562
2638
2304
2269
9939
2427
11346
1343
1440
1643
2225
5554
7725
13975
14378
4176
2489
4857
1450
7197
11514
7208
9015
649
1604
8308
623
1918
2352
1361
13155
212
5392
6735
5153
12057
6059
14672
13531
4444
4444
8623
155
3887
11604
1099
14988
8347
2149
12259
2008
5543
6652
10102
7734
799
6244
10379
5177
93
2374
8982
3077
4537
7101
4709
6697
10962
13362
10894
6953
4788
419
463
9486
5741
7243
524
14242
9428
10824
14598
14369
13095
7309
8074
5669
7276
1583
407
14485
11294
10291
11018
7811
14909
9376
14713
9460
5587
82
6783
10484
1112
6873
12789
523
10439
12017
3320
4551
6821
4554
9741
6436
1359
11048
8220
1903
2220
7005
968
8924
9825
10894
10832
8169
1307
12644
12982
9978
13551
10020
552
12415
13099
9592
14650
12202
13086
14027
8215
1862
12326
14165
7664
7100
14498
12792
11293
13399
11224
7191
3811
14952
1638
9451
12305
12431
2824
2114
5331
13693
223
7062
3646
8319
14839
2614
3445
2930
9746
12538
752
9455
7032
1195
13834
3014
2956
1203
14300
9744
8668
8966
6661
2816
1385
14027
866
7018
11448
5563
12406
8600
14199
8427
214
12666
7019
1950
13614
5162
6357
2179
11187
501
6951
7545
1328
4118
5799
3810
1839
1637
6791
11898
8784
13016
13208
6550
3267
925
9570
4873
13682
2649
11549
11682
328
14196
2885
3065
9079
13742
1404
5885
11156
9361
12414
8901
6706
7907
6834
902
1194
13131
13516
12654
10298
1513
292
7634
1124
13895
11246
1325
215
4888
13784
492
6945
10026
2936
2103
4420
12989
2340
6591
9072
1648
6210
11893
4638
12456
4467
8148
6177
12629
9038
13098
235
3689
8151
10148
13185
8356
2216
9626
1132
10362
14601
14127
1632
13525
3386
5857
9820
7527
758
2678
14279
3019
471
5011
11279
3194
10305
12988
9723
12618
1136
2139
8351
2056
6687
6533
1373
5091
3666
10710
8891
3762
10363
10726
9027
5924
8357
504
9751
11872
11311
7165
4967
6741
12314
3262
11389
3421
6523
4760
10233
8165
9261
1333
10688
7719
5973
4873
5552
7670
4743
13267
13276
11818
4329
4298
65
11683
835
14070
5406
13768
9383
5658
4814
4984
13235
6589
9209
8586
11964
8578
6662
9155
7363
9237
3890
10583
10806
3715
12069
5630
3824
14033
9144
9454
14641
10475
8933
12612
7372
2667
888
1272
7509
8036
13403
8884
2243
7035
8087
14308
2005
2976
12366
1285
5461
9506
8255
8315
9001
637
6032
11403
8523
6833
7924
9676
11062
11030
13804
733
1541
10454
8148
8586
546
13903
372
12337
7749
14649
8848
3148
12156
6276
12694
804
14975
12744
14556
9051
8440
4566
12332
10994
9460
10359
7870
7229
5448
12125
1291
4893
6129
3380
10670
648
4594
11782
8316
4565
3212
12156
11922
10129
5433
1731
1331
8005
2806
12107
9597
7858
2862
6853
5437
8410
2779
9719
13054
985
10989
1320
4671
1139
4102
6644
5907
1458
9670
12053
4451
1405
6522
3367
8214
12013
13448
1398
5389
9465
14154
2649
5527
11947
1413
1085
2909
13837
1403
6719
11122
5099
5194
13328
10853
6826
3296
5932
6468
1173
11125
8653
6012
5375
3145
5342
3733
321
11285
8777
9252
14035
14106
4425
12899
9626
1941
6659
12692
5575
5058
13901
14788
3902
1618
4531
6094
13490
14875
2385
55
1934
14816
4519
14408
14472
8007
14304
2961
13103
6096
189
2168
2588
2956
14345
2486
3017
13042
6100
14143
708
4036
7336
2085
548
5350
1222
10467
13458
5533
11326
3149
7454
1027
10781
13135
4728
11140
5302
10979
5469
9463
14905
14588
1499
283
6770
5837
14509
4857
6130
2807
9538
1703
3155
10361
9413
2245
11623
11081
220
3442
4742
13446
1356
12139
4709
14422
6511
2067
10623
9345
8851
13511
9038
8270
9896
2779
12863
9592
6976
13615
12489
8949
8763
10772
2841
9035
7243
11909
1641
4045
2537
12960
7500
11048
4251
4055
11404
4642
4580
12941
6958
10710
9030
759
13163
10106
5647
5829
8691
3544
2730
9931
8503
14838
8406
8314
2267
1089
8051
9429
9368
10187
2317
8079
2329
8390
14580
1365
9245
13465
6890
441
1310
12198
7911
2734
8706
9728
102
13834
2077
2448
11232
10852
12401
10773
2492
14521
4486
8318
6763
860
8346
4527
6225
4629
3544
13936
13194
1270
4083
6766
12144
1403
662
12528
14041
12324
3074
10844
6582
9290
3197
11583
5559
652
3391
9865
13477
10223
6265
335
1617
12455
14566
14484
1053
1227
14520
14612
1692
1253
2183
8274
11098
7216
387
2891
6887
4897
3535
11332
12626
615
13931
11068
7604
5378
1470
6568
5431
8154
3374
7310
5308
8652
2235
11856
2831
13985
3922
6991
14503
500
1922
14986
6614
6960
6414
6566
9849
8144
9854
2084
975
13723
5969
3916
12041
6146
1003
13955
10958
7961
14625
11480
14889
8805
3269
3529
4697
9957
5673
2230
14725
5069
4228
6315
7463
4296
1138
2305
2044
10700
10671
14596
4318
12359
7654
7851
4037
6189
13035
14757
6885
14976
4666
7390
421
12667
564
5946
3514
9344
12687
4760
3708
6815
11782
1998
10879
8102
3085
1448
13819
9497
13634
7317
13782
2170
14588
5867
10705
11648
6365
6135
3682
2726
5504
5895
2358
4627
4992
8329
234
11444
9342
9718
14384
11055
1956
3751
3866
11869
10324
8801
1032
874
4283
10733
11174
3531
8980
5541
6325
1124
2362
3211
3646
14195
1808
11909
7710
6687
1167
14643
4014
14356
7703
4136
3363
7994
8508
679
13246
6834
7631
2261
8063
5433
13676
6218
4969
13125
12748
12095
1291
3968
8537
1354
7827
11849
14940
5904
9929
203
1942
14317
10084
8431
12502
1877
1756
7893
12031
8419
9467
13875
7402
6188
4601
6651
9780
3620
10054
14272
9368
5205
14829
2331
860
2204
11709
1390
10747
4158
12562
1361
1673
1708
11363
3475
4862
7321
14769
4992
14141
7060
9156
14149
4315
3528
11151
13234
2594
2609
1222
6004
4475
9564
6459
1959
14831
13457
4637
9273
6092
2755
6650
5416
8225
14317
13823
14698
4768
12803
36
5178
10427
2789
1420
3479
8744
1691
3321
5233
3034
2766
5404
5889
217
4196
6197
1737
300
7394
2994
3975
14149
335
11868
9674
3727
9768
10608
7426
2301
14797
14696
12409
12139
3297
12902
5498
8922
12169
14833
3891
568
2429
2671
11613
3348
510
8519
11988
10031
3158
12136
1007
8439
9590
1430
10224
14077
1512
4899
10537
12606
3858
6242
3885
11641
11938
11588
13533
11855
3920
4303
10261
4592
1282
10969
11305
7087
4121
5075
1517
2032
2787
7064
6677
10618
12517
10732
2422
2205
3303
6529
8679
14625
3298
12092
13963
11596
10632
9352
11255
12982
10477
10758
7563
14568
6703
9611
12616
6714
10406
6141
13405
5613
5996
6854
10607
2014
9413
9753
124
5074
7412
2352
3212
13563
6633
2936
11837
12918
6519
3269
12053
14593
838
12914
12286
8901
13851
1520
542
3920
3816
5837
14561
6210
13703
2841
11997
3916
11627
4200
13671
4438
11598
5356
1913
2123
8767
14810
7952
6461
7367
10662
12190
2987
9079
2193
9055
12571
4513
4217
4005
14911
5939
11078
4010
13957
5315
10540
4640
11612
8058
5403
1622
11351
4826
2532
12430
476
10925
14941
14177
13464
726
2911
7680
4388
12732
14498
9233
3522
9695
14564
1180
7256
7309
14295
4946
1003
9751
5330
10684
7180
10402
3971
6234
4425
1728
11488
9484
9987
14342
11325
7728
9753
11832
8001
14935
9607
9911
738
8281
2781
10964
7260
8569
5487
7971
14884
522
7578
230
11880
13151
6018
12157
7178
7701
6830
5829
5818
10818
695
2700
1063
3834
3671
267
6830
5154
7458
10182
1095
6871
3352
10544
12071
8832
5452
1791
14424
8400
11818
2793
2333
12198
2143
11364
5120
7134
2057
6511
9214
6900
7531
3311
12448
12163
12786
355
13262
7455
6916
14187
8049
5736
7842
154
14833
2362
12413
9513
634
9046
13332
13590
8223
10135
7217
7112
609
8293
3424
9730
13337
14379
5303
2060
802
11990
14329
10329
7931
5778
3033
12024
13155
4285
9842
8605
12185
2611
7900
10581
10077
12775
520
9911
11168
186
3349
14785
12817
3076
7331
12487
4431
13283
12410
12084
3053
6120
4387
5227
10790
4512
6601
364
12558
2961
9064
3141
10066
5170
10307
13690
14634
10549
11643
9959
2290
4004
4619
10061
9682
5744
10269
11043
8685
7972
3331
11217
11078
3554
850
13551
7424
7893
2567
3328
1269
9343
216
4531
10949
5596
4248
11104
6703
3517
4645
1386
395
7941
2377
11661
9044
915
14573
12887
6359
1841
4839
3169
13787
5918
5105
2674
14093
3139
2190
7110
1186
3015
10639
10913
4842
5985
8651
11713
13157
6319
719
8570
13900
8056
4275
2849
3554
286
7936
7454
14641
5771
982
7463
12951
12625
12482
7990
11545
7342
8961
3356
2870
9163
6687
389
9020
10303
13616
2849
8067
9126
6626
13650
6521
13883
2056
6677
9313
13123
6655
594
9267
5335
6809
8128
12797
14805
11445
10824
2565
13107
3263
6278
1065
10943
13858
12360
6521
8466
11011
5845
9146
3440
769
1305
1688
10944
3095
14990
13273
5499
12650
7787
14888
6743
10844
11130
13333
7967
1537
88
13275
12940
5783
13540
3968
585
680
7629
8387
9157
13820
345
12972
11635
13006
7275
10733
2018
5683
11174
14386
13264
4212
6117
4186
11550
11311
559
7442
8426
75
7679
8201
12392
9677
872
1257
4247
6333
2237
14655
1416
4253
2370
8939
260
13225
5657
9818
7146
8070
11648
8498
3791
5513
9980
10735
10108
11111
3567
11710
13471
7595
12644
4059
1944
6483
10448
10859
5634
2046
10055
9097
9954
5584
11125
11973
7075
13660
9922
10609
7409
6247
6124
6996
11452
9862
562
5627
8764
1550
9053
11016
10289
7047
14079
7321
7648
783
3013
9474
8347
11213
4134
2710
4244
7764
4565
8988
1857
9961
12704
14709
12430
10488
6596
14211
6857
11716
9047
2829
816
9806
10104
11863
3631
11737
2785
518
10518
13614
13750
1849
11997
8286
1790
5963
6335
1762
13700
14098
5940
1014
4324
1837
11648
5639
10093
8560
9830
12428
8595
3305
1212
165
5174
9465
2236
12022
11673
7286
4669
14638
11912
3794
7059
1403
3450
4780
7438
2672
5666
7576
5512
12507
10074
11751
4327
5154
10183
2446
11151
14763
5051
2879
10007
3991
3025
3583
9002
757
4925
11179
14206
8050
4190
13965
3486
13767
10245
291
8250
1557
10524
13566
3661
4259
11247
4935
3323
3882
12214
904
3033
6151
11417
3853
9561
13450
1416
3107
14909
2483
10889
13215
8865
2239
6838
4380
3060
8785
355
7311
3033
11058
11834
1539
1173
6274
4917
12021
12597
9607
7316
8999
13357
5691
11070
374
10491
13992
14532
4392
11683
1378
3744
3187
3401
13205
6550
4689
5506
13940
14093
11593
12435
9739
5961
1507
11072
3576
7465
1972
8483
3337
10151
12976
8658
9913
14726
12545
11375
5571
14181
3345
8225
7950
13900
9707
10727
11723
84
10200
3352
8434
2762
5815
78
10187
5132
12979
1927
4767
1867
9006
14699
8341
10412
10153
10854
2282
1166
4300
7205
12620
9719
11259
5776
9478
2154
4022
13808
9252
7628
13656
10530
9560
11232
14315
2872
10866
14257
7677
9882
9351
8719
8281
1114
12935
3071
12572
7735
11453
11692
11
1586
7782
11746
14397
6838
14210
7596
2557
1295
12601
14937
10747
4741
12839
4296
1594
10104
11714
11485
10989
14468
8806
11019
5318
11260
2024
7379
9393
2188
8285
8356
9860
7689
4382
14535
12326
12852
9305
14263
8224
6919
12342
9196
9392
8560
10903
11754
9543
11260
3498
7513
7184
13137
6397
2698
9184
8601
7385
14613
8046
5191
1590
5920
3956
7957
2650
12226
6
10611
12527
1550
476
2629
4970
3651
12755
9297
1123
7263
13451
2600
5910
3653
13368
9567
10748
10895
9417
11542
11711
14580
4126
2537
2641
12578
10194
7552
14703
3757
13618
7434
7693
13352
4107
5479
3820
5977
6021
2602
11989
920
6732
12487
4421
13641
7199
5698
3166
1997
1709
7200
6397
10857
38
324
8434
4424
5881
1560
3268
1551
158
10085
3862
5987
11809
8274
8729
5408
6917
9825
13252
616
14420
10469
10878
14200
8341
12536
13701
1410
2327
3913
8074
9801
12397
14183
3691
8664
8093
5942
4153
13955
5765
7448
8285
14835
478
3955
9448
8607
14986
9129
9795
7119
5417
99
7860
4348
13679
4699
5976
7093
6303
12507
3903
13289
8181
2269
11614
10592
2801
2237
12477
1428
7808
1945
3095
9755
11258
13737
7806
4293
9609
5338
4270
12924
3474
10512
1774
8462
11276
13704
5746
11841
9353
1314
5609
223
9616
11981
13401
14302
12724
6014
7648
1469
5722
14706
753
9233
8357
14004
13621
6611
11774
13556
8479
4845
6940
1760
4705
8091
13086
26
8224
14310
3561
4928
2272
1774
7833
465
6492
2158
3962
4074
12083
2313
10592
4492
13240
3293
11593
1947
14369
12260
14603
1519
13504
350
2249
13881
5023
12514
1409
13879
9151
3803
6804
11727
6862
387
265
3826
6583
3011
6345
401
3687
364
8488
366
10008
144
7699
4946
8589
6365
7624
705
8594
12662
11161
4733
1725
13055
14103
14778
9609
8791
5935
5140
1530
12522
1789
10128
8379
14166
12562
5865
12077
1380
2550
13111
14666
1596
378
3724
13050
2102
4789
11193
3791
4602
6760
6563
12540
1143
8550
9821
9597
14206
8709
8650
6644
10163
14626
1120
10105
2106
1023
1676
8560
10412
13822
10405
10431
12205
4105
9224
13667
9069
1254
273
11312
11175
13184
1341
10784
5120
14355
744
5346
2461
9461
14571
3579
11059
1995
12718
11760
11946
7470
11584
9854
10489
10841
738
14316
7189
11683
8256
10160
5417
8893
9799
688
10919
14125
9834
950
10811
4816
9709
5391
13234
3537
6556
11252
7726
498
4245
2122
10667
5354
12831
5570
5055
7966
1086
5082
9070
10546
2883
4468
3715
5578
12303
7637
10995
68
4437
8067
5826
12127
3861
5388
12001
5470
862
1415
5195
11277
1406
9507
4074
14941
854
9430
4155
2467
8330
4925
3093
2812
8560
7910
582
8196
10852
6702
1031
4279
5742
10800
12629
6343
3611
11686
2310
10912
1367
12688
2513
14909
3029
6280
7513
6186
12736
9250
14371
5357
4429
14923
6371
14084
11029
7106
5054
14423
7653
12629
712
7551
2874
13295
5346
3084
14691
8645
6816
7312
3335
13349
7990
5054
11543
12102
5347
341
4413
10661
2515
983
10335
14235
5795
1011
1954
8629
10714
8250
6417
5502
6126
11693
12563
788
10325
10001
8948
4703
7061
3341
926
7875
13200
10847
7216
5949
4163
10329
1617
9586
13050
354
8674
8038
4689
2584
3308
12428
1566
14249
3462
9620
14858
11769
6974
3943
453
6985
13888
7200
7002
2075
13465
12225
728
3055
1134
6855
14750
14857
14585
13464
4298
8227
5158
4224
13214
10194
5522
3984
6650
5602
12575
11135
9827
2095
10280
1970
3209
5123
10973
945
10292
7921
10458
2881
670
13965
1935
8432
7809
11282
1513
6231
3356
8948
3760
8846
12525
6437
14365
10225
8428
10868
3621
14430
6885
972
3995
9458
2486
4411
2666
5532
1315
7298
5351
4634
881
6041
1297
7119
8425
12226
749
7035
9796
1031
632
10312
12674
7661
11591
9194
4902
14509
9896
12253
1154
4186
1046
1990
9144
213
8228
1417
4955
13065
3047
2129
10977
14312
8166
4191
14284
946
11755
12724
8097
5492
11781
12327
9268
5278
9321
8454
487
11161
14240
4595
7124
2243
3601
10482
326
8472
3266
9729
140
7698
11174
5140
10080
7526
11741
11514
7640
10445
14804
4065
13830
2940
14485
10589
3871
813
3191
7257
638
3658
3899
6326
12492
1362
9650
9292
12516
4670
13021
10847
2113
10221
10097
12624
3322
8044
8211
1057
1033
11345
9434
716
3599
9407
12466
3235
13160
14707
4235
7454
10221
4800
14122
13573
10759
3218
8330
3067
13356
1537
14426
1714
13462
11882
1681
10495
7085
5489
1232
8142
11755
13495
11646
14959
13720
5935
14810
5031
6837
8875
14527
13161
5642
12881
10531
3859
7568
3430
8997
12340
2203
10509
6891
11905
8911
5587
1807
3170
8013
9144
6165
13456
10074
6346
9863
9176
2667
6911
3642
5321
14271
8004
6574
4169
715
5962
223
14975
798
8805
14063
2893
9439
6944
11854
3455
13833
4070
6639
3856
750
14097
13057
8808
6194
8059
14626
7064
2252
12148
10536
4717
9918
14611
11449
3107
11289
14883
11629
2619
9407
13328
10565
13839
9538
4075
1078
14417
6548
1831
7635
13586
14443
1144
13378
6629
5979
13376
7051
13621
2561
7730
1702
10547
12462
2849
688
11360
8623
5052
3126
1775
1031
7903
10495
4491
2876
10724
8690
6192
4339
810
10314
4009
7994
427
501
8237
415
5238
11027
13870
5646
584
6890
6050
7734
6049
11921
8726
11509
1952
392
6844
3315
8845
4879
4949
11288
7762
6989
14588
3242
9813
11770
8926
9052
8839
3933
5840
3831
143
4171
5332
7958
11824
12076
13312
10357
13039
8271
1834
2146
10421
12512
5531
9014
120
11600
459
2385
3318
10979
4651
11569
2699
11936
9582
1771
1174
7306
3294
5871
7271
12528
4249
1533
13833
5873
9973
9155
3190
11486
1301
10761
12677
11845
1469
4835
14336
6979
14508
12612
1738
6673
14221
12197
300
13601
3699
13298
5012
5105
10608
2202
6347
14027
10567
8927
6100
14702
14662
6310
216
13833
2651
8989
84
7623
10607
4027
7488
11100
680
4063
6296
3137
1265
3589
6103
11169
3268
9035
14381
3151
12202
13989
4257
10677
6657
1910
4800
6723
11194
264
9735
13738
977
1994
8677
3317
1341
7724
7444
11890
8251
10037
10655
13283
9933
14578
5683
13182
6086
1627
12146
7836
13916
6113
5413
14526
4788
3894
6134
9491
11515
2376
5570
10171
9352
4341
8436
2737
3390
44
11190
12939
6543
14357
9075
8422
10390
2903
14874
8577
1043
13715
11156
4110
3763
4134
870
7357
8360
1123
13411
6389
2397
12327
9801
792
5992
4623
6308
4899
10437
6920
5819
10088
13024
14424
10374
11550
12374
12476
11703
11705
7159
14438
9147
12205
6437
5011
6194
9143
6874
7609
7887
1794
879
12277
11571
13832
5173
8835
2977
2628
6505
8705
8272
1746
160
13035
10639
14402
2527
4427
7068
6095
11379
9677
7383
13128
6572
11573
13077
252
4657
13822
13343
14996
8464
9766
9639
8746
11887
12496
13389
14919
11089
6507
3833
2972
1011
13938
14682
3247
5451
6874
14164
11966
104
1058
3061
12890
10746
10732
4704
12392
8341
14122
14427
2876
14065
9374
13683
5589
10265
6524
1026
3046
8041
2285
8364
3303
8585
6151
1256
3426
13538
13458
6666
7496
9476
8696
449
5488
8239
454
4863
13322
3088
7945
13735
11316
696
3123
4355
8161
729
1860
10920
414
13195
12689
14302
3329
13940
12015
12008
7660
10536
5622
653
3835
14429
7703
10792
14642
10542
5474
10823
5296
7563
4744
2648
382
917
9632
2082
5900
10913
12842
6439
6176
10760
11658
399
10021
3034
4014
4199
13086
13867
8639
5290
3865
1465
3426
10957
4278
4611
6765
4941
7269
12663
2672
10911
3234
6028
12028
4624
9517
5325
14330
9797
2587
13441
11756
5208
5807
2319
5331
7149
2060
699
1400
7257
9723
198
5453
10827
2756
14870
9759
30
10850
13989
1020
9980
3805
14017
4593
3375
389
8755
7581
6334
6113
6328
14270
9331
11401
8101
14160
12462
1696
2759
9931
3925
4060
13637
5363
4452
5860
3981
11310
13475
3
3076
1402
97
13218
6250
13174
3416
3693
8445
14865
2534
2288
14522
8052
1408
2381
9636
6772
2978
12165
9912
9689
10286
10056
12234
3219
14944
3529
2335
413
107
4498
7362
12693
11123
14958
2917
14338
2321
304
9999
2853
12800
4326
9522
2108
2855
9509
982
4320
484
13747
12473
11580
9633
5186
6660
7822
8130
10340
1318
7672
13804
7115
13921
14719
2137
3792
2226
8279
2708
7426
7043
4726
4979
10476
14355
1946
6361
12820
11594
8403
12172
7616
2280
1744
12988
3736
4351
10709
4941
9742
318
8521
12871
4595
1936
685
4753
13439
13347
5467
13545
12991
14642
6062
14627
10132
2457
4664
8124
4439
5685
383
10858
393
7510
5086
2280
8062
14794
8901
2566
7038
12478
10187
14150
12342
8918
8366
220
12996
3110
2059
10205
3789
1467
14451
8038
8690
10304
12798
13845
10161
10318
4435
8929
7438
11253
2554
12272
8614
13564
1403
4347
11120
14205
7409
10886
12879
5696
5047
10245
2103
11442
4053
3264
12364
5695
12873
4015
11159
13798
6910
3469
9784
7260
4372
1063
14901
8825
2172
6244
2691
116
4450
8426
4954
3427
1908
14345
13041
127
1204
11588
4865
569
10193
6061
2653
14686
6823
4390
9517
3396
11932
4675
11175
8581
14195
683
5516
8845
8817
10419
1961
14313
10512
146
9806
1597
10602
9181
14939
9581
2944
4393
7525
7954
13624
5999
14370
13389
181
3299
3821
2989
2262
5118
8107
1008
2412
5170
3140
8048
12754
12142
13725
6730
11038
8190
3236
14455
2577
2548
5652
7165
13189
9268
4886
2997
7298
14596
11157
6507
4838
203
12061
2538
5601
3421
1833
14019
95
9824
1059
14856
11909
11810
10932
12677
7958
14491
5824
11531
4800
1971
10684
6695
6616
8127
5478
2475
8126
1296
2460
14407
9074
1663
8779
14456
551
3914
11409
11703
2693
10569
14028
1702
7908
3547
10941
14996
13927
2870
6654
14402
1593
11959
1168
1429
13338
8774
10479
9738
9890
11014
4180
12790
9675
11858
2414
13739
12954
128
12778
13352
10597
10419
14071
11089
5850
4638
8039
5597
11333
11432
12552
8701
2843
4375
14811
11532
11348
8234
11391
2655
14890
447
3055
11095
2812
11863
11418
1845
5991
7032
1594
7816
13445
14684
5021
10422
2840
13703
14701
5742
5037
8724
11063
9871
10978
12546
10607
314
2698
4842
6457
303
9358
8121
14805
14670
8663
2666
14116
14327
14013
7032
14796
6602
8190
14931
10819
5568
10270
2630
1614
91
3876
13621
12191
12673
6680
4136
12276
4192
3440
14073
5830
13418
2605
13204
11019
5682
9787
6945
7311
12221
10148
4703
5941
10724
5905
6695
7565
8176
4851
2250
6429
9483
5913
8983
3876
4446
13352
12757
478
11427
7313
13135
10498
13587
9931
8049
14793
2778
13249
14585
8640
2169
2632
10286
9278
11308
12349
10935
9304
6754
3388
11765
6285
2478
2434
9043
1232
12107
340
3339
3758
9597
13174
9298
9953
11188
9282
14503
5125
4501
11495
6960
2688
10303
14909
11927
7574
8937
12281
9250
7578
1480
6313
1934
4071
5643
699
10563
9527
2916
14895
11241
13250
6816
11194
6976
13613
2092
6649
13965
5048
11451
6973
14943
10842
14884
9472
11669
13694
6753
2513
2836
4723
12773
4969
11992
13439
7591
5437
7727
5923
13974
2899
127
6132
11718
2786
8572
10992
8098
228
1182
8524
7204
10507
689
14904
2675
10452
5195
5927
7311
13729
194
5910
3618
7632
10336
2573
1770
4102
10788
14948
489
8321
8569
2822
2177
9291
4053
10618
1140
8326
11803
1085
2964
13426
13150
4445
14074
4967
10313
2062
13174
1045
8592
14945
627
9300
13950
6695
3000
864
8469
7743
2775
1449
426
7937
2785
9426
9290
7711
11216
11011
3692
14216
10985
8433
2354
12913
12003
13210
9206
2216
1271
8316
14277
3815
8862
10217
1585
4342
7759
9363
9105
33
2014
10842
3948
14990
1079
457
3145
597
13096
525
11970
3502
6733
14230
12422
7497
9531
12295
14416
10412
5988
6206
11431
5979
5410
8157
10686
7369
3227
4209
10548
3867
4760
4065
14655
14844
2511
3141
3298
10882
11760
5431
7828
514
14796
13894
3345
7729
6261
13845
3590
14905
11028
3991
4883
3421
11692
9452
13075
4721
10067
11227
3807
13101
11197
12141
6943
7917
14181
10415
10840
2374
11589
13524
1073
13447
3550
2000
6501
12847
3460
10343
7964
2261
10005
125
1567
12437
4539
13772
4374
14943
8968
6458
10448
7633
2148
2779
9455
5128
2308
14830
3606
13749
4319
3485
11438
6517
8568
5491
13932
7902
7940
216
9617
5179
10797
11550
5738
8194
11009
2661
7188
7452
5933
13908
3746
6380
4824
12337
4197
2602
3455
9737
8255
9981
5724
10285
13632
3089
4789
3311
6367
3613
9696
1682
7449
4075
13649
1761
2923
3011
11959
6807
3033
7541
11312
12048
13573
4018
12341
11543
9400
5127
14507
9223
11113
7503
6069
14341
6147
12577
7425
14770
14988
4980
8278
10342
11929
12405
8019
7612
7638
8414
14360
12080
3012
10150
7597
9062
10057
1461
11972
14958
1145
8347
6398
11800
7751
8131
14302
14422
8805
6080
11630
11674
6963
13642
12930
5527
13585
745
3181
14881
9845
933
7371
4313
2247
2384
10955
1844
970
10097
2153
14200
3719
14722
1580
12841
11324
11739
998
14304
4072
770
10909
14196
14706
3984
1469
5381
249
4612
2575
2581
164
11638
12153
2826
13056
4769
1520
13750
12878
14771
13237
4907
3738
8227
5255
5765
4655
2678
10048
13172
2103
13032
4281
10501
13912
7992
2918
5714
8035
11049
11907
6021
13827
9449
447
7709
11883
11272
7425
1100
1042
520
12012
2455
3011
7803
349
1974
1067
14940
4114
14783
4547
359
7194
120
319
8871
3886
12588
11100
13947
6005
3618
13399
13169
11879
10858
9975
8068
12599
3416
3061
13048
4946
1429
158
4561
6236
9538
3975
6092
13815
10362
2106
1983
6188
11071
10234
3393
8704
3664
10118
13126
4410
2459
226
12290
5047
10746
7810
11047
3297
12433
11271
12974
10199
13837
5971
7732
6217
639
213
4935
5676
10263
5832
13270
7307
742
9813
8010
13301
13291
4532
2157
734
7609
9651
11530
12326
960
13281
2087
3391
9843
13896
3803
3379
6083
2538
4374
13738
2745
2124
7930
8816
4376
7188
13861
13261
503
13069
8714
12840
11354
13537
4943
758
10179
4976
4136
13445
7475
3618
4060
8410
8794
9939
13661
2049
4678
11101
12817
7377
13558
3394
14368
5403
1274
1843
14557
4346
9089
8657
4642
13101
10859
10830
11044
4282
9133
167
8924
7803
9693
11070
9607
13326
9136
12833
5787
3985
10711
13681
4873
4559
9696
13635
5296
4835
11126
2233
2962
13093
9721
10389
10437
607
14284
13094
4760
5728
6850
6317
6083
539
217
2335
3644
14093
1428
12839
2756
4181
8071
13436
11781
4037
4126
6724
1176
1698
2354
8860
12869
7699
5980
6511
2356
6509
8667
7243
12946
13487
8434
11855
11712
7353
3381
1735
4629
12932
4679
3193
4468
606
5406
8781
8913
7118
2357
7882
3318
12447
12025
352
2408
4174
1430
2723
3125
9221
9449
1410
6605
13024
9781
11507
6121
3075
7533
8148
4578
12375
2852
10001
14880
3712
6847
1256
14227
12635
7372
4515
14044
10863
5024
2255
5924
2264
12991
8950
5553
5799
3067
4692
1199
8725
4384
9003
876
8979
6064
5686
2832
13047
5110
5892
12492
4690
1477
7136
10466
678
13316
10795
614
2240
6946
9602
4626
111
13071
14871
4886
12070
13300
10640
10738
9497
8900
8541
4593
3863
12189
8122
13562
210
4818
7409
14575
7476
1541
12806
6112
10061
2935
998
12887
11326
757
3204
10971
12664
10430
14184
4918
6521
6358
14499
5605
3124
2458
9994
7488
3856
2478
2071
2048
9044
2288
11159
10159
4511
9422
8872
10088
9559
8756
11584
4757
14028
7198
14709
6808
3849
14808
2631
12847
12921
9724
4200
9125
9359
4720
7873
14668
10998
14131
13916
4681
13691
1283
8715
1764
1245
3356
13023
10209
12872
13030
7039
4310
7848
3941
409
5265
2472
5300
9771
7887
6713
9752
100
2905
1786
7696
9031
8181
10553
6018
491
12732
44
9261
5254
5883
14392
1898
6658
389
2361
1418
4453
2753
11078
13492
3783
11387
11889
7480
14504
3622
5140
3004
8474
900
13407
1304
9130
2811
2081
8448
13504
9871
12276
11379
11964
12219
13943
12140
10242
11583
6513
5421
6860
12079
5749
14852
6815
1531
13420
9272
14340
9116
11126
6345
8761
7246
6006
2680
2848
619
4253
6708
7722
13426
8140
8237
12186
6667
3919
11684
12429
11502
1178
13573
322
6497
4320
8914
10036
11500
3508
580
8426
8775
5913
10789
4547
7836
13239
14240
12836
9247
3428
8341
12893
14398
2998
12382
6312
13041
1874
9352
7924
3055
9535
6379
14759
2593
126
12624
11333
3438
4631
1653
14312
5950
5437
14086
3308
10648
2492
496
2436
3960
10966
9172
9432
11230
7613
3552
435
3570
7160
4657
9102
6554
10823
9994
8543
8255
11570
11885
3502
6462
4972
5218
13480
10298
464
12069
14907
14819
10475
3608
2129
13437
4301
8095
2843
2318
14688
7678
13740
8118
2929
11024
1371
670
2816
3665
11825
5347
10070
8213
5552
6061
6825
12350
5613
13891
5470
8744
8832
13476
12578
7704
14756
14328
6757
10598
11901
12272
4151
14634
14663
2177
6887
7754
7293
2129
8044
10917
3623
11123
1751
9139
7758
2229
3762
12096
6616
1074
6275
135
10183
311
5971
1941
